KEY,Korean
DAILYMISSION_LOGIN_NAME,영웅의 방문
DAILYMISSION_LOGIN_DESC,{1}일 {1}회 접속
DAILYMISSION_DUNGEON_CLEAR_NAME,계속되는 모험
DAILYMISSION_DUNGEON_CLEAR_DESC,던전 {1}회 클리어
DAILYMISSION_ITEM_GET_NAME,보물 사냥꾼
DAILYMISSION_ITEM_GET_DESC,던전에서 장비 및 아이템 {1}회 획득
DAILYMISSION_MONSTER_KILL_NAME,마왕군을 물리쳐라!
DAILYMISSION_MONSTER_KILL_DESC,몬스터 {1}체 처치
DAILYMISSION_EXPEDITION_NAME,원정을 떠나보자!
DAILYMISSION_EXPEDITION_DESC,탐색 또는 약탈 {1}회 시도
DAILYMISSION_ITEM_CRAFT_NAME,손재주가 좀 있다고 들었어
DAILYMISSION_ITEM_CRAFT_DESC,아이템 제작 {1}회
DAILYMISSION_ITEM_ENHANCE_NAME,열심히 두들겨 보자고!
DAILYMISSION_ITEM_ENHANCE_DESC,장비 강화 {1}회
DAILYMISSION_TRIAL_CLEAR_NAME,영혼이 잠들어 있는 곳
DAILYMISSION_TRIAL_CLEAR_DESC,시련의 방 {1}회 클리어
DAILYMISSION_GOLD_GET_NAME,티끌모아 태산
DAILYMISSION_GOLD_GET_DESC,던전에서 {1}골드 획득
DAILYMISSION_PVP_NAME,최강을 겨뤄라!
DAILYMISSION_PVP_DESC,승리의 리그 {1}회 참여
DAILYMISSION_GACHA_NAME,두근두근 상자 열기
DAILYMISSION_GACHA_DESC,보물상자 {1}회 열기
DAILYMISSION_ITEM_BUY_NAME,보급도 중요하지
DAILYMISSION_ITEM_BUY_DESC,상점에서 아이템 {1}회 구입
DAILYMISSION_TOWER_JOIN_NAME,"한층, 한층 오르다 보면"
DAILYMISSION_TOWER_JOIN_DESC,시련의 탑 {1}회 이용
DAILYMISSION_UNDERGROUND_CLEAR_NAME,지하감옥은 조용한 날이 없군!
DAILYMISSION_UNDERGROUND_CLEAR_DESC,지하감옥 클리어 {1}회
MISSION_HERO_LEVEL20_NAME,풋내기 모험가 {1}
MISSION_HERO_LEVEL50_NAME,강해진 {1}
MISSION_HERO_LEVEL100_NAME,"{1}, 한계까지 강해지다"
MISSION_HERO_LEVEL_DESC,{1} {2} 레벨 달성
MISSION_HERO_STAR_NAME,각성한 {1} {2}
MISSION_HERO_STAR_DESC,{1} 각성 {2}단계 달성!
MISSION_HERO_GRADE_NAME,한계를 돌파한 {1} {2}
MISSION_HERO_GRADE_DESC,"{1} 승급, {2} 등급 달성!"
MISSION_HERO_SKILL_MASTER_NAME,스킬 마스터 {1} {2}
MISSION_HERO_SKILL_MASTER_DESC,{1} 스킬 레벨 최초 {2} 달성!
MISSION_HERO_SKILLMASTER_DESC,{1} 모든 스킬 마스터!
MISSION_EQUIP_GET_NAME,장비 수집가 {1}
MISSION_EQUIP_GET_DESC,장비 획득 {1}회!
MISSION_EQUIP_GET_GRADE_NAME,{1} 장비 수집가 {2}
MISSION_EQUIP_GET_GRADE_DESC,{1} 등급 장비 획득 {2}회!
MISSION_EQUIP_ENHANCE_NAME,"두들겨라, 두들겨! {1}"
MISSION_EQUIP_ENHANCE_DESC,장비 강화 단계 상승 {1}회!
MISSION_EQUIP_STAR_NAME,장비의 숨겨진 힘을 일깨우다 {1}
MISSION_EQUIP_STAR_DESC,장비 각성 {1}회!
MISSION_ITEM_CRAFT_NAME,직접 만들어 볼까? {1}
MISSION_ITEM_CRAFT_DESC,아이템 제작 {1}회
MISSION_ITEM_MATERIAL_GET_NAME,재료를 모으자! {1}
MISSION_ITEM_MATERIAL_GET_DESC,재료 아이템 획득 {1}회
MISSION_ITEM_RECIPE_GET_NAME,아이템을 만드는 방법 {1}
MISSION_ITEM_RECIPE_GET_DESC,제작서 아이템 획득 {1}회
MISSION_ITEM_EXCHANGE_GET_NAME,이런건 돈이 되지!
MISSION_ITEM_EXCHANGE_GET_DESC,판매용 아이템 획득 {1}회
MISSION_EQUIP_CRAFT_GREEN_NAME,꽤 하는 대장장이 {1}
MISSION_EQUIP_CRAFT_BLUE_NAME,경이적인 실력의 대장장이 {1}
MISSION_EQUIP_CRAFT_PURPLE_NAME,전설의 대장장이 {1}
MISSION_EQUIP_CRAFT_ORANGE_NAME,신의 망치를 가진 대장장이 {1}
MISSION_EQUIP_CRAFT_DESC,제작으로 {1} 등급 장비 획득 {2}회
MISSION_CONSUME_CRAFT_GREEN_NAME,맛있는 요리를 만들다! {1}
MISSION_CONSUME_CRAFT_BLUE_NAME,환성적인 요리를 만들다! {1}
MISSION_CONSUME_CRAFT_PURPLE_NAME,전설의 요리사 {1}
MISSION_CONSUME_CRAFT_ORANGE_NAME,신의 요리사 {1}
MISSION_CONSUME_CRAFT_DESC,제작으로 {1} 등급 요리 획득 {2}회
MISSION_GOLD_NAME,부자가 되고 싶어! {1}
MISSION_GOLD_DESC,골드 획득량 {1} 돌파
MISSION_STAMINA_NAME,부지런히 뛰어야지 {1}
MISSION_STAMINA_DESC,스태미나 소모 {1} 돌파
MISSION_CHAPTER_NORMAL_NAME,{1}(노멀)을 정복하다!
MISSION_CHAPTER_NORMAL_DESC,챕터 {1} (노멀) 클리어
MISSION_CHAPTER_HARD_NAME,{1}(하드)를 정복하다!
MISSION_CHAPTER_HARD_DESC,챕터 {1} (하드) 클리어
MISSION_HERO_GET_NAME,새로운 동료! {1}
MISSION_HERO_GET_DESC,{1}번째 신규 동료 합류!
MISSION_TRIAL_COUNT_NAME,자신과의 싸움 {1}
MISSION_TRIAL_COUNT_DESC,시련의 방 클리어 {1}회!
MISSION_HERO_TRIAL_CLEAR1_NAME,시련이 시작된 {1}
MISSION_HERO_TRIAL_CLEAR2_NAME,진정한 힘을 찾는 {1}
MISSION_HERO_TRIAL_CLEAR3_NAME,벽을 뛰어넘은 {1}
MISSION_HERO_TRIAL_CLEAR4_NAME,시련을 극복한 {1}
MISSION_HERO_TRIAL_CLEAR5_NAME,한계를 뛰어넘은 {1}
MISSION_HERO_TRIAL_CLEAR_DESC,{1} 시련의 방 {2} 최초 클리어
MISSION_COLLECT_EXPLORE_NAME,탐색 원정대를 편성하라! {1}
MISSION_COLLECT_EXPLORE_DESC,원정대 탐색 성공 {1}회
MISSION_COLLECT_PLUNDER_NAME,약육강식 {1}
MISSION_COLLECT_PLUNDER_DESC,원정대 약탈 성공 {1}회
MISSION_WALL_NAME,몬스터의 대공세! {1}
MISSION_WALL_DESC,성벽 수호 {1}웨이브 클리어
MISSION_PVP_COUNT_NAME,최강의 자리를 향하여! {1}
MISSION_PVP_COUNT_DESC,결투장 참여 {1}회
MISSION_GUILD_JOIN_NAME,길드에 가입하다!
MISSION_GUILD_JOIN_DESC,길드 최초 가입
MISSION_GUILD_CREATE_NAME,길드를 만들다!
MISSION_GUILD_CREATE_DESC,길드 최초 생성
MISSION_GUILD_MERCENARY_USE_NAME,길드의 용병을 고용하다! {1}
MISSION_GUILD_MERCENARY_USE_DESC,길드 용병 사용 {1}회
MISSION_GUILD_MERCENARY_REGISTER_NAME,용병 아르바이트 {1}
MISSION_GUILD_MERCENARY_REGISTER_DESC,자신이 등록한 용병을 다른 사람이 고용 {1}회
MISSION_TEAMLEVEL_NAME,강해진 카셀과 동료들 {1}
MISSION_TEAMLEVEL_DESC,팀 레벨 {1} 달성
MISSION_VIPLEVEL_NAME,VIP 레벨 업!
MISSION_VIPLEVEL_DESC,VIP 레벨 {1} 달성
MISSION_TIERINDEX11_NAME,브론즈 티어 달성
MISSION_TIERINDEX11_DESC,브론즈 티어 달성
MISSION_TIERINDEX21_NAME,실버 티어 달성
MISSION_TIERINDEX21_DESC,실버 티어 달성
MISSION_TIERINDEX31_NAME,골드 티어 달성
MISSION_TIERINDEX31_DESC,골드 티어 달성
MISSION_TIERINDEX41_NAME,플래티넘 티어 달성
MISSION_TIERINDEX41_DESC,플래티넘 티어 달성
MISSION_TIERINDEX51_NAME,다이아몬드 티어 달성
MISSION_TIERINDEX51_DESC,다이아몬드 티어 달성
MISSION_TIERINDEX60_NAME,마스터 티어 달성
MISSION_TIERINDEX60_DESC,마스터 티어 달성
MISSION_TIERINDEX70_NAME,챌린저 티어 달성
MISSION_TIERINDEX70_DESC,챌린저 티어 달성
DAILYMISSION_MONTHLY_RUBY_NAME,월정액 루비 지급
DAILYMISSION_MONTHLY_RUBY_DESC,월정액 루비 지급
MISSION_GOLD_BATTLE_NAME,용사에게 필요한 자본 마련 {1}
MISSION_GOLD_BATTLE_DESC,전투를 통해 {1}골드 획득
MISSION_GOLD_ACCUMULATIVE_DESC,누적 재화 {1}골드 돌파!
MISSION_GOLD_SHOP_BUY_NAME,돈을 쓸 줄 아는 자 {1}
MISSION_GOLD_SHOP_BUY_DESC,상점에서 {1}골드 사용
MISSION_GOLD_DEPLETION_NAME,돈은 돌고 도는 것이야! {1}
MISSION_GOLD_DEPLETION_DESC,총 소모 재화 {1}골드 돌파!
MISSION_EQUIP_UPGRADE_TRY_NAME,"장비 강화, 참 쉽죠? {1}"
MISSION_EQUIP_UPGRADE_TRY_DESC,장비 강화 {1}회 시도
MISSION_EQUIP_UPGRADE_NAME,뛰어난 장비는 내 손으로! {1}
MISSION_EQUIP_UPGRADE_DESC,장비 {1}강화 달성
MISSION_EQUIP_DROP_STAR_NAME,뛰어난 성능의 장비 {1}
MISSION_EQUIP_DROP_STAR_DESC,최초 {1}장비 획득
MISSION_EQUIP_DROP_GRADE_NAME,강력한 무기는 영웅의 품으로! {1}
MISSION_EQUIP_DROP_GRADE_DESC,최초 {1}장비 획득
MISSION_EQUIP_DROP_RELEC_NAME,비밀스러운 힘을 가진 물건 {1}
MISSION_EQUIP_DROP_RELEC_DESC,유물 {1}개 획득
MISSION_EQUIP_PARTY_NAME,"용사 파티, 강해지다! {1}"
MISSION_EQUIP_PARTY_DESC,4명 이상의 영웅에게 {1}장비 착용
MISSION_BATTLE_MONSTER_NAME,마왕군은 용서하지 않아! {1}
MISSION_BATTLE_MONSTER_DESC,몬스터 {1}마리 처치
MISSION_BATTLE_QUEST_NAME,모두의 평화를 위해! {1}
MISSION_BATTLE_QUEST_DESC,토벌 퀘스트 {1}회 완료
DAILYMISSION_EXCAVATION_NAME,이곳이 노다지인가?
DAILYMISSION_EXCAVATION_DESC,발굴 {1}회 완료
MISSION_CHAPTER1_CLEAR_NAME,라무스 평원을 평정하다!
MISSION_CHAPTER2_CLEAR_NAME,엘리도라 숲을 평정하다!
MISSION_CHAPTER3_CLEAR_NAME,드라고 산맥을 평정하다!
MISSION_CHAPTER4_CLEAR_NAME,크라드 숲을 평정하다!
MISSION_CHAPTER5_CLEAR_NAME,아로뷔나 해안을 평정하다!
MISSION_CHAPTER1_CLEAR_DESC,1챕터 모든 노드 클리어
MISSION_CHAPTER2_CLEAR_DESC,2챕터 모든 노드 클리어
MISSION_CHAPTER3_CLEAR_DESC,3챕터 모든 노드 클리어
MISSION_CHAPTER4_CLEAR_DESC,4챕터 모든 노드 클리어
MISSION_CHAPTER5_CLEAR_DESC,5챕터 모든 노드 클리어
MISSION_ARENA_NAME,명예를 위한 도전
MISSION_ARENA_DESC,승리의 리그 최초 도전
MISSION_ARENA_VICTORY_NAME,그대의 승리에 찬가를! {1}
MISSION_ARENA_VICTORY_DESC,결투장에서 화려한 승리 {1}회
MISSION_ARENA_LOSE_NAME,그대의 패배에 위로를.. {1}
MISSION_ARENA_LOSE_DESC,결투장에서 안타까운 패배 {1}회
MISSION_ARENA_RANK_NAME,"드높여라, 그대의 명예를!"
MISSION_ARENA_RANK_DESC,결투장에서 {1}등급 최초 달성
MISSION_ARENA_FIRSTRANK_NAME,결투장을 평정하다!
MISSION_ARENA_FIRSTRANK_DESC,시즌 챔피언 달성
MISSION_UNDERGROUND_DUNGEON_NAME,몬스터들의 소동을 제압! {1}
MISSION_UNDERGROUND_DUNGEON_DESC,지하 감옥 {1}구역 최초 클리어
MISSION_HERO_GROWTH_NAME,{1}의 끝없는 성장 {2}
MISSION_HERO_GROWTH_DESC,{1} {2} 레벨 달성
MISSION_HERO_AWAKENING_NAME,"{1}, 시련을 딛고 새로운 힘을 {2}"
MISSION_HERO_AWAKENING_DESC,{1} 각성 {2} 단계 달성
MISSION_HERO_TRANSCENDENCE_NAME,"{1}, 자신의 한계를 초월하다 {2}"
MISSION_HERO_TRANSCENDENCE_DESC,{1} 초월 {2} 단계 달성
MISSION_HERO_EQUIP_SET_NAME,용사의 마음가짐 {1}
MISSION_HERO_EQUIP_SET_DESC,{1}이(가) 4개의 {2} 장비 착용
MISSION_HERO_SKILL_NAME,완전한 나의 기술 {1}
MISSION_HERO_SKILL_DESC,스킬 {1} 특성 마스터
MISSION_HERO_SKILL_ALL_NAME,"{1}, 모든 기술의 달인이 되다"
MISSION_HERO_SKILL_ALL_DESC,모든 스킬 특성 마스터
MISSION_HERO_EXCAVATION_NAME,삽질이 일취월장 하는 {1} {2}
MISSION_HERO_EXCAVATION_DESC,{1}을(를) 대표 영웅으로 발굴 {2}회 시도
MISSION_HERO_MERCENARY_NAME,잘나가는 영웅 {1} {2}
MISSION_HERO_MERCENARY_DESC,{1}을(를) 길드 용병으로 등록 후 길드원이 {2}회 고용
MISSION_HERO_PIT_MEMBER_NAME,상처뿐인 승리를 거머쥔 {1}
MISSION_HERO_PIT_MEMBER_DESC,{1}챕터 투기장에서 마지막 보스를 처치한 멤버
MISSION_HERO_UPPER_DUNGEON_NAME,강렬한 전투에서의 영웅 {1} {2}
MISSION_HERO_UPPER_DUNGEON_DESC,{1}이(가) 상급 던전의 멤버로 {2}회 참여
MISSION_HERO_ARENA_BATTLE_NAME,명예로운 전투에서의 영웅 {1} {2}
MISSION_HERO_ARENA_BATTLE_DESC,{1}이(가) 결투장의 멤버로 {2}회 참여
DAILYMISSION_ALL_CLEAR_NAME,오늘의 일과 끝!
DAILYMISSION_ALL_CLEAR_DESC,모든 일일 퀘스트 완료
DAILYMISSION_STAMINA_NAME,숨이 턱 끝까지 차오른다
DAILYMISSION_STAMINA_DESC,스태미나 {1} 소모
DAILY_QUEST_EXCAVATION_NAME,티끌모아 태산
MISSION_EVENT_STMAINA_NAME1,오늘의 첫번째 보너스 스태미나!
MISSION_EVENT_STMAINA_NAME2,오늘의 두번째 보너스 스태미나!
MISSION_EVENT_STMAINA_NAME3,오늘의 마지막 보너스 스태미나!
MISSION_EVENT_STMAINA_DESC1,PM 12시 ~ 2시 사이에 로그인
MISSION_EVENT_STMAINA_DESC2,PM 6시 ~ 8시 사이에 로그인
MISSION_EVENT_STMAINA_DESC3,PM 10시 ~ AM 12시 사이에 로그인
MISSION_EVENT_GOLD_NAME,왕실 지원금
MISSION_QUEST_CLEAR_NOTY_TITLE,퀘스트 완료
MISSION_QUEST_CLEAR_NOTY_CONTENT1,{1} 퀘스트를 완료하였습니다.
MISSION_QUEST_CLEAR_NOTY_CONTENT2,퀘스트에서 보상을 받으세요.
MISSION_ACHIEVEMENT_CLEAR_NOTY_TITLE,업적 완료
MISSION_ACHIEVEMENT_CLEAR_NOTY_CONTENT1,{1} 업적을 완료하였습니다.
MISSION_ACHIEVEMENT_CLEAR_NOTY_CONTENT2,업적에서 보상을 받으세요.
MISSION_EXCAVATION_NAME,발굴은 일상이다 {1}
MISSION_EXCAVATION_DESC,발굴 {1}회 완료
MISSION_ADDFRIEND_NAME,"친구여, 함께하지 않겠나? {1}"
MISSION_ADDFRIEND_DESC,친구 {1}명 등록
QUEST_ROYAL_SUPPORT_GOLD_9001_NAME,오늘의 보너스 골드!
QUEST_ROYAL_SUPPORT_GOLD_9001_DESC,1일 1회 접속
QUEST_DAILY_FREE_STAMINA_9002_NAME,오늘의 보너스 스태미나!
QUEST_DAILY_FREE_STAMINA_9002_DESC,오전 {1}시 ~ {2}시 사이에 접속하기
QUEST_DAILY_FREE_STAMINA_9003_NAME,오늘의 두번째 보너스 스태미나!
QUEST_DAILY_FREE_STAMINA_9003_DESC,오후 {1}시 ~ {2}시 사이에 접속하기
QUEST_DAILY_FREE_STAMINA_9004_NAME,오늘의 세번째 보너스 스태미나!
QUEST_DAILY_FREE_STAMINA_9004_DESC,오후 {1}시 ~ {2}시 사이에 접속하기
QUEST_DAILY_FREE_STAMINA_9005_NAME,오늘의 마지막 보너스 스태미나!
QUEST_DAILY_FREE_STAMINA_9005_DESC,오후 {1}시 ~ {2}시 사이에 접속하기
MISSION_CHAPTER_CLEAR_DESC,{1}챕터 모든 노드 클리어
MISSION_ACCOUNT_CHANGE_NAME,계정 연동
MISSION_ACCOUNT_CHANGE_DESC,"Facebook, Game Center, Google Play 중 하나를 선택하여 계정 연동하기"
WEEKLYMISSION_DUNGEON_CLEAR_NAME,끝 없는 모험
WEEKLYMISSION_ITEM_ENHANCE_NAME,너무 두들겨버렸는데?!
WEEKLYMISSION_COMPLETEDAILYQUEST_NAME,저는 부지런한 사람입니다.
WEEKLYMISSION_COMPLETEDAILYQUEST_DESC,일일 퀘스트{1}회 클리어
WEEKLYMISSION_PVP_VICTORY_NAME,제가 이겨버린겁니까?
WEEKLYMISSION_PVP_VICTORY_DESC,승리의 리그 승리 {1}회
WEEKLYMISSION_UPGRADEHEROSKILL_NAME,전투의 기본은 수련!
WEEKLYMISSION_UPGRADEHEROSKILL_DESC,영웅 스킬 강화 {1}회
WEEKLYMISSION_BATTLEREWARDEQUIP_NAME,에고 무거워!
WEEKLYMISSION_BATTLEREWARDEQUIP_DESC,던전 내에서 장비획득 {1}회
WEEKLYMISSION_GETGOLD_NAME,황금 만능 주의
WEEKLYMISSION_GETGOLD_DESC,{1} 골드 소모
WEEKLYMISSION_TOWER_JOIN_NAME,탑의 끝은 어디일까나?
WEEKLYMISSION_UNDERGROUND_ALLCLEAR_NAME,이제 쫌 조용해졌군!
WEEKLYMISSION_UNDERGROUND_ALLCLEAR_DESC,지하감옥 {1}회 클리어
WEEKLYMISSION_ALL_CLEAR_NAME,정말 부지런하시군요!!
WEEKLYMISSION_ALL_CLEAR_DESC,모든 주간 퀘스트 완료
MISSION_EQUIP_GET_STAR_ITEM,뛰어난 성능의 {1}성 장비 {2}
MISSION_EQUIP_GET_STAR_ITEM_DESC,{1}성 장비 {2}개 획득
MISSION_EQUIP_GET_GRADE_ITEM_1,고급 장비는 영웅의 품으로! {1}
MISSION_EQUIP_GET_GRADE_ITEM_DESC_1,고급 장비 {1}개 획득
MISSION_EQUIP_GET_GRADE_ITEM_2,희귀 장비는 영웅의 품으로! {1}
MISSION_EQUIP_GET_GRADE_ITEM_DESC_2,희귀 장비 {1}개 획득
MISSION_EQUIP_GET_GRADE_ITEM_3,영웅 장비는 영웅의 품으로! {1}
MISSION_EQUIP_GET_GRADE_ITEM_DESC_3,영웅 장비 {1}개 획득
MISSION_EQUIP_GET_GRADE_ITEM_4,전설 장비는 영웅의 품으로! {1}
MISSION_EQUIP_GET_GRADE_ITEM_DESC_4,전설 장비 {1}개 획득
MISSION_EQUIP_PARTY_GRADE_1,"용사파티, 고급 장비로 강해지다! {1}"
MISSION_EQUIP_PARTY_GRADE_DESC_1,영웅에게 {1}개의 고급 장비 착용
MISSION_EQUIP_PARTY_GRADE_2,"용사파티, 희귀 장비로 강해지다! {1}"
MISSION_EQUIP_PARTY_GRADE_DESC_2,영웅에게 {1}개의 희귀 장비 착용
MISSION_EQUIP_PARTY_GRADE_3,"용사파티, 영웅 장비로 강해지다! {1}"
MISSION_EQUIP_PARTY_GRADE_DESC_3,영웅에게 {1}개의 영웅 장비 착용
MISSION_EQUIP_PARTY_GRADE_4,"용사파티, 전설 장비로 강해지다! {1}"
MISSION_EQUIP_PARTY_GRADE_DESC_4,영웅에게 {1}개의 전설 등급 장비 착용
MISSION_UNDERGROUND_DUNGEON_CLEAR,지하 감옥 {1}구역 몬스터 제압! {2}
MISSION_UNDERGROUND_DUNGEON_CLEAR_DESC,지하 감옥 {1}구역 {2}회 클리어
MISSION_SHOP_BUY_HIGH_EQUIPMENT,영웅을 강하게 만드는 데는 장비가 최고지! {1}
MISSION_SHOP_BUY_HIGH_EQUIPMENT_DESC,특별 아이템 소환 {1}회
MISSION_SHOP_BUY_NORMAL_EQUIPMENT,자네의 운을 한번 시험해보게! {1}
MISSION_SHOP_BUY_NORMAL_EQUIPMENT_DESC,아이템 소환 {1}회
MISSION_ARENA_WIN,나를 이길자 누구냐! {1}
MISSION_ARENA_WIN_DESC,결투장 {1}회 승리
MISSION_GEM_DEPLETION_NAME,루비? 나 정도는 써줘야지! {1}
MISSION_GEM_DEPLETION_DESC,총 소모 재화 {1}루비 돌파!
MISSION_STAMINA_DEPLETION_NAME,넘치는 스태미나! {1}
MISSION_STAMINA_DEPLETION_NAME_2,샘솟는 스태미나! {1}
MISSION_STAMINA_DEPLETION_DESC,총 소모 {1} 스태미나 돌파!
MISSION_LABYRINTH_CLEAR_NAME_1,오늘도 금고를 지켜볼까?
MISSION_LABYRINTH_CLEAR_DESC_1,고대 왕실 금고 {1}회 클리어
MISSION_LABYRINTH_CLEAR_NAME_2,나는야 금고 지킴이!
MISSION_UPPERDUNGEON_CLEAR_NAME_1,오늘도 각성 파편을 구하러 간다네!
MISSION_UPPERDUNGEON_CLEAR_DESC_1,상급 던전 {1}회 클리어
MISSION_UPPERDUNGEON_CLEAR_NAME_2,"하하하, 상급 던전 쯤이야!"
MISSION_CLEARTOWER21_FLOOR_1,거침없는 도전{1}
MISSION_CLEARTOWER21_FLOOR_2,거침없는 도전{1}
MISSION_CLEARTOWER21_FLOOR_3,거침없는 도전{1}
MISSION_CLEARTOWER21_FLOOR_4,거침없는 도전{1}
MISSION_CLEARTOWER21_FLOOR_5,거침없는 도전{1}
MISSION_CLEARTOWER21_FLOOR_6,거침없는 도전{1}
MISSION_CLEARTOWER21_FLOOR_7,거침없는 도전{1}
MISSION_CLEARTOWER11_FLOOR_1,시련의 폭풍속으로! {1}
MISSION_CLEARTOWER11_FLOOR_2,시련의 폭풍속으로! {1}
MISSION_CLEARTOWER999_FLOOR_1,오늘도 안전한 금고 {1}
MISSION_CLEARTOWER999_FLOOR_2,오늘도 안전한 금고 {1}
MISSION_CLEARTOWER999_FLOOR_3,오늘도 안전한 금고 {1}
MISSION_CLEARTOWER21_FLOOR_1_DESC,도전의 탑 {1}층 클리어
MISSION_CLEARTOWER21_FLOOR_2_DESC,도전의 탑 {1}층 클리어
MISSION_CLEARTOWER21_FLOOR_3_DESC,도전의 탑 {1}층 클리어
MISSION_CLEARTOWER21_FLOOR_4_DESC,도전의 탑 {1}층 클리어
MISSION_CLEARTOWER21_FLOOR_5_DESC,도전의 탑 {1}층 클리어
MISSION_CLEARTOWER21_FLOOR_6_DESC,도전의 탑 {1}층 클리어
MISSION_CLEARTOWER21_FLOOR_7_DESC,도전의 탑 {1}층 클리어
MISSION_CLEARTOWER11_FLOOR_1_DESC,시련의 탑 {1}층 클리어
MISSION_CLEARTOWER11_FLOOR_2_DESC,시련의 탑 {1}층 클리어
MISSION_CLEARTOWER999_FLOOR_1_DESC,고대 왕실 금고 {1}층 클리어
MISSION_CLEARTOWER999_FLOOR_2_DESC,고대 왕실 금고 {1}층 클리어
MISSION_CLEARTOWER999_FLOOR_3_DESC,고대 왕실 금고 {1}층 클리어
MISSION_CLEARTOWER999_FLOOR_4_DESC,고대 왕실 금고 {1}층 클리어
MISSION_CLEARTOWER999_FLOOR_5_DESC,고대 왕실 금고 {1}층 클리어
MISSION_WORLDBOSS_PLAYTIME1_NAME,도전은 금이라고 친구 {1}
MISSION_WORLDBOSS_PLAYTIME2_NAME,도전은 금이라고 친구 {1}
MISSION_WORLDBOSS_PLAYTIME3_NAME,도전은 금이라고 친구 {1}
MISSION_WORLDBOSS_PLAYTIME4_NAME,도전은 금이라고 친구 {1}
MISSION_WORLDBOSS_PLAYTIME5_NAME,도전은 금이라고 친구 {1}
MISSION_WORLDBOSS_PLAYTIME6_NAME,도전은 금이라고 친구 {1}
MISSION_WORLDBOSS_PLAYTIME7_NAME,도전은 금이라고 친구 {1}
MISSION_WORLDBOSS_PLAYTIME8_NAME,도전은 금이라고 친구 {1}
MISSION_WORLDBOSS_PLAYTIME9_NAME,도전은 금이라고 친구 {1}
MISSION_WORLDBOSS_PLAYTIME10_NAME,도전은 금이라고 친구 {1}
MISSION_WORLDBOSS_PLAYTIME1_DESC,월드보스에게 {1}회 도전
MISSION_WORLDBOSS_PLAYTIME2_DESC,월드보스에게 {1}회 도전
MISSION_WORLDBOSS_PLAYTIME3_DESC,월드보스에게 {1}회 도전
MISSION_WORLDBOSS_PLAYTIME4_DESC,월드보스에게 {1}회 도전
MISSION_WORLDBOSS_PLAYTIME5_DESC,월드보스에게 {1}회 도전
MISSION_WORLDBOSS_PLAYTIME6_DESC,월드보스에게 {1}회 도전
MISSION_WORLDBOSS_PLAYTIME7_DESC,월드보스에게 {1}회 도전
MISSION_WORLDBOSS_PLAYTIME8_DESC,월드보스에게 {1}회 도전
MISSION_WORLDBOSS_PLAYTIME9_DESC,월드보스에게 {1}회 도전
MISSION_WORLDBOSS_PLAYTIME10_DESC,월드보스에게 {1}회 도전
MISSION_WORLDBOSS_DAMAGE1_NAME,내 취미는 히어로! {1}
MISSION_WORLDBOSS_DAMAGE2_NAME,내 취미는 히어로! {1}
MISSION_WORLDBOSS_DAMAGE3_NAME,내 취미는 히어로! {1}
MISSION_WORLDBOSS_DAMAGE4_NAME,내 취미는 히어로! {1}
MISSION_WORLDBOSS_DAMAGE5_NAME,내 취미는 히어로! {1}
MISSION_WORLDBOSS_DAMAGE6_NAME,내 취미는 히어로! {1}
MISSION_WORLDBOSS_DAMAGE7_NAME,내 취미는 히어로! {1}
MISSION_WORLDBOSS_DAMAGE8_NAME,내 취미는 히어로! {1}
MISSION_WORLDBOSS_DAMAGE9_NAME,내 취미는 히어로! {1}
MISSION_WORLDBOSS_DAMAGE1_DESC,단일 전투에서 월드보스에게 {1}의 피해를 가하다.
MISSION_WORLDBOSS_DAMAGE2_DESC,단일 전투에서 월드보스에게 {1}의 피해를 가하다.
MISSION_WORLDBOSS_DAMAGE3_DESC,단일 전투에서 월드보스에게 {1}의 피해를 가하다.
MISSION_WORLDBOSS_DAMAGE4_DESC,단일 전투에서 월드보스에게 {1}의 피해를 가하다.
MISSION_WORLDBOSS_DAMAGE5_DESC,단일 전투에서 월드보스에게 {1}의 피해를 가하다.
MISSION_WORLDBOSS_DAMAGE6_DESC,단일 전투에서 월드보스에게 {1}의 피해를 가하다.
MISSION_WORLDBOSS_DAMAGE7_DESC,단일 전투에서 월드보스에게 {1}의 피해를 가하다.
MISSION_WORLDBOSS_DAMAGE8_DESC,단일 전투에서 월드보스에게 {1}의 피해를 가하다.
MISSION_WORLDBOSS_DAMAGE9_DESC,단일 전투에서 월드보스에게 {1}의 피해를 가하다.
MISSION_WORLDBOSS_PLAYTIME11_NAME,도전은 금이라고 친구 {1}
MISSION_WORLDBOSS_PLAYTIME12_NAME,도전은 금이라고 친구 {1}
MISSION_WORLDBOSS_PLAYTIME13_NAME,도전은 금이라고 친구 {1}
MISSION_WORLDBOSS_PLAYTIME14_NAME,도전은 금이라고 친구 {1}
MISSION_WORLDBOSS_PLAYTIME15_NAME,도전은 금이라고 친구 {1}
MISSION_WORLDBOSS_PLAYTIME16_NAME,도전은 금이라고 친구 {1}
MISSION_WORLDBOSS_PLAYTIME17_NAME,도전은 금이라고 친구 {1}
MISSION_WORLDBOSS_PLAYTIME18_NAME,도전은 금이라고 친구 {1}
MISSION_WORLDBOSS_PLAYTIME19_NAME,도전은 금이라고 친구 {1}
MISSION_WORLDBOSS_PLAYTIME20_NAME,도전은 금이라고 친구 {1}
MISSION_WORLDBOSS_PLAYTIME21_NAME,도전은 금이라고 친구 {1}
MISSION_WORLDBOSS_PLAYTIME22_NAME,도전은 금이라고 친구 {1}
MISSION_WORLDBOSS_DAMAGE10_NAME,내 취미는 히어로! {1}
MISSION_WORLDBOSS_DAMAGE11_NAME,내 취미는 히어로! {1}
MISSION_WORLDBOSS_DAMAGE12_NAME,내 취미는 히어로! {1}
MISSION_WORLDBOSS_DAMAGE13_NAME,내 취미는 히어로! {1}
MISSION_WORLDBOSS_PLAYTIME11_DESC,월드보스에게 {1}회 도전
MISSION_WORLDBOSS_PLAYTIME12_DESC,월드보스에게 {1}회 도전
MISSION_WORLDBOSS_PLAYTIME13_DESC,월드보스에게 {1}회 도전
MISSION_WORLDBOSS_PLAYTIME14_DESC,월드보스에게 {1}회 도전
MISSION_WORLDBOSS_PLAYTIME15_DESC,월드보스에게 {1}회 도전
MISSION_WORLDBOSS_PLAYTIME16_DESC,월드보스에게 {1}회 도전
MISSION_WORLDBOSS_PLAYTIME17_DESC,월드보스에게 {1}회 도전
MISSION_WORLDBOSS_PLAYTIME18_DESC,월드보스에게 {1}회 도전
MISSION_WORLDBOSS_PLAYTIME19_DESC,월드보스에게 {1}회 도전
MISSION_WORLDBOSS_PLAYTIME20_DESC,월드보스에게 {1}회 도전
MISSION_WORLDBOSS_PLAYTIME21_DESC,월드보스에게 {1}회 도전
MISSION_WORLDBOSS_PLAYTIME22_DESC,월드보스에게 {1}회 도전
MISSION_WORLDBOSS_DAMAGE10_DESC,단일 전투에서 월드보스에게 {1}의 피해를 가하다.
MISSION_WORLDBOSS_DAMAGE11_DESC,단일 전투에서 월드보스에게 {1}의 피해를 가하다.
MISSION_WORLDBOSS_DAMAGE12_DESC,단일 전투에서 월드보스에게 {1}의 피해를 가하다.
MISSION_WORLDBOSS_DAMAGE13_DESC,단일 전투에서 월드보스에게 {1}의 피해를 가하다.
MISSION_WORLDBOSS_DAMAGE14_NAME,내 취미는 히어로! {1}
MISSION_WORLDBOSS_DAMAGE15_NAME,내 취미는 히어로! {1}
MISSION_WORLDBOSS_DAMAGE16_NAME,내 취미는 히어로! {1}
MISSION_WORLDBOSS_DAMAGE14_DESC,단일 전투에서 월드보스에게 {1}의 피해를 가하다.
MISSION_WORLDBOSS_DAMAGE15_DESC,단일 전투에서 월드보스에게 {1}의 피해를 가하다.
MISSION_WORLDBOSS_DAMAGE16_DESC,단일 전투에서 월드보스에게 {1}의 피해를 가하다.
MISSION_WORLDBOSS_DAMAGE17_NAME,내 취미는 히어로! {1}
MISSION_WORLDBOSS_DAMAGE18_NAME,내 취미는 히어로! {1}
MISSION_WORLDBOSS_DAMAGE19_NAME,내 취미는 히어로! {1}
MISSION_WORLDBOSS_DAMAGE20_NAME,내 취미는 히어로! {1}
MISSION_WORLDBOSS_DAMAGE21_NAME,내 취미는 히어로! {1}
MISSION_WORLDBOSS_DAMAGE22_NAME,내 취미는 히어로! {1}
MISSION_WORLDBOSS_DAMAGE23_NAME,내 취미는 히어로! {1}
MISSION_WORLDBOSS_DAMAGE24_NAME,내 취미는 히어로! {1}
MISSION_WORLDBOSS_DAMAGE25_NAME,내 취미는 히어로! {1}
MISSION_WORLDBOSS_DAMAGE26_NAME,내 취미는 히어로! {1}
MISSION_WORLDBOSS_DAMAGE27_NAME,내 취미는 히어로! {1}
MISSION_WORLDBOSS_DAMAGE28_NAME,내 취미는 히어로! {1}
MISSION_WORLDBOSS_DAMAGE29_NAME,내 취미는 히어로! {1}
MISSION_WORLDBOSS_DAMAGE30_NAME,내 취미는 히어로! {1}
MISSION_WORLDBOSS_DAMAGE31_NAME,내 취미는 히어로! {1}
MISSION_WORLDBOSS_DAMAGE32_NAME,내 취미는 히어로! {1}
MISSION_WORLDBOSS_DAMAGE33_NAME,내 취미는 히어로! {1}
MISSION_WORLDBOSS_DAMAGE34_NAME,내 취미는 히어로! {1}
MISSION_WORLDBOSS_DAMAGE35_NAME,내 취미는 히어로! {1}
MISSION_WORLDBOSS_DAMAGE36_NAME,내 취미는 히어로! {1}
MISSION_WORLDBOSS_DAMAGE37_NAME,내 취미는 히어로! {1}
MISSION_WORLDBOSS_DAMAGE17_DESC,단일 전투에서 월드보스에게 {1}의 피해를 가하다.
MISSION_WORLDBOSS_DAMAGE18_DESC,단일 전투에서 월드보스에게 {1}의 피해를 가하다.
MISSION_WORLDBOSS_DAMAGE19_DESC,단일 전투에서 월드보스에게 {1}의 피해를 가하다.
MISSION_WORLDBOSS_DAMAGE20_DESC,단일 전투에서 월드보스에게 {1}의 피해를 가하다.
MISSION_WORLDBOSS_DAMAGE21_DESC,단일 전투에서 월드보스에게 {1}의 피해를 가하다.
MISSION_WORLDBOSS_DAMAGE22_DESC,단일 전투에서 월드보스에게 {1}의 피해를 가하다.
MISSION_WORLDBOSS_DAMAGE23_DESC,단일 전투에서 월드보스에게 {1}의 피해를 가하다.
MISSION_WORLDBOSS_DAMAGE24_DESC,단일 전투에서 월드보스에게 {1}의 피해를 가하다.
MISSION_WORLDBOSS_DAMAGE25_DESC,단일 전투에서 월드보스에게 {1}의 피해를 가하다.
MISSION_WORLDBOSS_DAMAGE26_DESC,단일 전투에서 월드보스에게 {1}의 피해를 가하다.
MISSION_WORLDBOSS_DAMAGE27_DESC,단일 전투에서 월드보스에게 {1}의 피해를 가하다.
MISSION_WORLDBOSS_DAMAGE28_DESC,단일 전투에서 월드보스에게 {1}의 피해를 가하다.
MISSION_WORLDBOSS_DAMAGE29_DESC,단일 전투에서 월드보스에게 {1}의 피해를 가하다.
MISSION_WORLDBOSS_DAMAGE30_DESC,단일 전투에서 월드보스에게 {1}의 피해를 가하다.
MISSION_WORLDBOSS_DAMAGE31_DESC,단일 전투에서 월드보스에게 {1}의 피해를 가하다.
MISSION_WORLDBOSS_DAMAGE32_DESC,단일 전투에서 월드보스에게 {1}의 피해를 가하다.
MISSION_WORLDBOSS_DAMAGE33_DESC,단일 전투에서 월드보스에게 {1}의 피해를 가하다.
MISSION_WORLDBOSS_DAMAGE34_DESC,단일 전투에서 월드보스에게 {1}의 피해를 가하다.
MISSION_WORLDBOSS_DAMAGE35_DESC,단일 전투에서 월드보스에게 {1}의 피해를 가하다.
MISSION_WORLDBOSS_DAMAGE36_DESC,단일 전투에서 월드보스에게 {1}의 피해를 가하다.
MISSION_WORLDBOSS_DAMAGE37_DESC,단일 전투에서 월드보스에게 {1}의 피해를 가하다.
MISSION_EVENTDUNGEON_NAME,할로윈 이벤트!
MISSION_EVENTDUNGEON_DESC,총 소모 {1} 스태미나 돌파!
MISSION_CHRISTMAS1_NAME,크리스마스 음식을 지켜라!
MISSION_CHRISTMAS2_NAME,크리스마스의 꿈을 지켜라
MISSION_CHRISTMAS3_NAME,크리스마스의 기원을 찾아
MISSION_CHRISTMAS4_NAME,크리스마스 축제를 위해!
MISSION_CHRISTMAS1_DESC,미르르의 계획 1회 클리어
MISSION_CHRISTMAS2_DESC,에피스의 꿈 1회 클리어
MISSION_CHRISTMAS3_DESC,취객 필롭 1회 클리어
MISSION_CHRISTMAS4_DESC,말썽꾼 이인조 1회 클리어
MISSION_MATCH_PICKBAN_JOIN_REWARD,영광의 리그 도전자!
MISSION_MATCH_PICKBAN_JOIN_REWARD_DESC_1,영광의 리그 3회 결투시 획득!
MISSION_MATCH_PICKBAN_JOIN_REWARD_DESC_2,영광의 리그 5회 결투시 획득!
MISSION_NEWYEAR1_NAME,신년맞이 불꽃 재료 2
MISSION_NEWYEAR2_NAME,신년맞이 불꽃 재료 0
MISSION_NEWYEAR3_NAME,신년맞이 불꽃 재료 1
MISSION_NEWYEAR4_NAME,신년맞이 불꽃 재료 8
MISSION_NEWYEAR5_NAME,신년맞이 불꽃 재료 Happy
MISSION_NEWYEAR6_NAME,신년맞이 불꽃 재료 New
MISSION_NEWYEAR7_NAME,신년맞이 불꽃 재료 Year
MISSION_NEWYEAR8_NAME,신년맞이 축하 선물 {1}
MISSION_NEWYEAR9_NAME,신년맞이 감사 선물 {1}
MISSION_NEWYEAR1_DESC,승리의 리그 {1}회 참여
MISSION_NEWYEAR2_DESC,도전의 탑 {1}회 클리어
MISSION_NEWYEAR3_DESC,상급 던전 {1}회 클리어
MISSION_NEWYEAR4_DESC,토벌 전투 {1}회 클리어
MISSION_NEWYEAR5_DESC,던전 {1}회 클리어
MISSION_NEWYEAR6_DESC,지하감옥 {1}회 클리어
MISSION_NEWYEAR7_DESC,{1} 골드 획득
MISSION_NEWYEAR8_DESC,신년맞이 불꽃 {1}회 사용
MISSION_NEWYEAR9_DESC,신년맞이 불꽃 {1}회 사용
MISSION_CHILDRENSRAINBOW1_NAME,꼬마들의 장난감!!
MISSION_CHILDRENSRAINBOW2_NAME,꼬마들의 장난감!!
MISSION_CHILDRENSRAINBOW1_DESC,장난감 상자 개봉 {1}회
MISSION_CHILDRENSRAINBOW2_DESC,장난감 상자 개봉 {1}회
EVENT_MISION_TITLE_CHRISTMAS_1,오르벨을 여행하는 산타를 위한 안내 미션 1장
EVENT_MISION_TITLE_CHRISTMAS_2,오르벨을 여행하는 산타를 위한 안내 미션 2장
EVENT_MISION_TITLE_CHRISTMAS_3,오르벨을 여행하는 산타를 위한 안내 미션 3장
EVENT_MISION_TITLE_CHRISTMAS_4,오르벨을 여행하는 산타를 위한 안내 미션 4장
EVENT_MISION_TITLE_CHRISTMAS_5,오르벨을 여행하는 산타를 위한 안내 미션 5장
EVENT_MISION_TITLE_CHRISTMAS_6,오르벨을 여행하는 산타를 위한 안내 미션 6장
EVENT_MISION_TITLE_CHRISTMAS_7,오르벨을 여행하는 산타를 위한 안내 미션 7장
EVENT_MISION_TITLE_CHRISTMAS_8,오르벨을 여행하는 산타를 위한 안내 미션 8장
EVENT_MISION_TITLE_CHRISTMAS_9,오르벨을 여행하는 산타를 위한 안내 미션 9장
EVENT_MISION_TITLE_CHRISTMAS_10,오르벨을 여행하는 산타를 위한 안내 미션 10장
EVNET_MISION_TREE_LEVEL_COMPLETE,트리 Lv{1}달성
EVNET_MISION_DUNGEON_CLEAR,스페셜 던전 {1}회 클리어
EVENT_MISION_USE_ITEM_COUNT,{1} {2}개 획득
EVENT_MISSION_WORLDBOSS_DAMAGE_NAME,한계를 뛰어넘자 {1}
EVENT_MISSION_WORLDBOSS_DAMAGE_DESC,이벤트 월드보스에게 {1}의 피해\n
EVENT_MISSION_TITLE_NEWYEAR_1,오르벨 신년을 함께해주신 분들을 위한 선물 1
EVENT_MISSION_TITLE_NEWYEAR_2,오르벨 신년을 함께해주신 분들을 위한 선물 2
EVENT_MISSION_TITLE_NEWYEAR_3,오르벨 신년을 축하해주신 분들을 위한 선물
MISSION_MATCH_PICKBAN_JOIN_REWARD1_NAME,영광의 리그 도전자! {1}
MISSION_MATCH_PICKBAN_JOIN_REWARD2_NAME,영광의 리그 도전자! {1}
MISSION_MATCH_PICKBAN_JOIN_REWARD3_NAME,영광의 리그 도전자! {1}
MISSION_MATCH_PICKBAN_JOIN_REWARD4_NAME,영광의 리그 도전자! {1}
MISSION_MATCH_PICKBAN_JOIN_REWARD5_NAME,영광의 리그 도전자! {1}
MISSION_MATCH_PICKBAN_JOIN_REWARD6_NAME,영광의 리그 도전자! {1}
MISSION_MATCH_PICKBAN_JOIN_REWARD7_NAME,영광의 리그 도전자! {1}
MISSION_MATCH_PICKBAN_JOIN_REWARD8_NAME,영광의 리그 도전자! {1}
MISSION_MATCH_PICKBAN_JOIN_REWARD9_NAME,영광의 리그 도전자! {1}
MISSION_MATCH_PICKBAN_JOIN_REWARD10_NAME,영광의 리그 도전자! {1}
MISSION_MATCH_PICKBAN_JOIN_REWARD11_NAME,영광의 리그 도전자! {1}
MISSION_MATCH_PICKBAN_JOIN_REWARD12_NAME,영광의 리그 도전자! {1}
MISSION_MATCH_PICKBAN_JOIN_REWARD13_NAME,영광의 리그 도전자! {1}
MISSION_MATCH_PICKBAN_JOIN_REWARD14_NAME,영광의 리그 도전자! {1}
MISSION_MATCH_PICKBAN_JOIN_REWARD15_NAME,영광의 리그 도전자! {1}
MISSION_MATCH_PICKBAN_JOIN_REWARD16_NAME,영광의 리그 도전자! {1}
MISSION_MATCH_PICKBAN_JOIN_REWARD17_NAME,영광의 리그 도전자! {1}
MISSION_MATCH_PICKBAN_JOIN_REWARD18_NAME,영광의 리그 도전자! {1}
MISSION_MATCH_PICKBAN_JOIN_REWARD19_NAME,영광의 리그 도전자! {1}
MISSION_MATCH_PICKBAN_JOIN_REWARD20_NAME,영광의 리그 도전자! {1}
MISSION_MATCH_PICKBAN_JOIN_REWARD21_NAME,영광의 리그 도전자! {1}
MISSION_MATCH_PICKBAN_JOIN_REWARD22_NAME,영광의 리그 도전자! {1}
MISSION_MATCH_PICKBAN_JOIN_REWARD23_NAME,영광의 리그 도전자! {1}
MISSION_MATCH_PICKBAN_JOIN_REWARD24_NAME,영광의 리그 도전자! {1}
MISSION_MATCH_PICKBAN_JOIN_REWARD25_NAME,영광의 리그 도전자! {1}
MISSION_MATCH_PICKBAN_JOIN_REWARD26_NAME,영광의 리그 도전자! {1}
MISSION_MATCH_PICKBAN_JOIN_REWARD27_NAME,영광의 리그 도전자! {1}
MISSION_MATCH_PICKBAN_JOIN_REWARD28_NAME,영광의 리그 도전자! {1}
MISSION_MATCH_PICKBAN_JOIN_REWARD29_NAME,영광의 리그 도전자! {1}
MISSION_MATCH_PICKBAN_JOIN_REWARD30_NAME,영광의 리그 도전자! {1}
MISSION_MATCH_PICKBAN_JOIN_REWARD1_DESC,영광의 리그 {1}회 결투 완료
MISSION_MATCH_PICKBAN_JOIN_REWARD2_DESC,영광의 리그 {1}회 결투 완료
MISSION_MATCH_PICKBAN_JOIN_REWARD3_DESC,영광의 리그 {1}회 결투 완료
MISSION_MATCH_PICKBAN_JOIN_REWARD4_DESC,영광의 리그 {1}회 결투 완료
MISSION_MATCH_PICKBAN_JOIN_REWARD5_DESC,영광의 리그 {1}회 결투 완료
MISSION_MATCH_PICKBAN_JOIN_REWARD6_DESC,영광의 리그 {1}회 결투 완료
MISSION_MATCH_PICKBAN_JOIN_REWARD7_DESC,영광의 리그 {1}회 결투 완료
MISSION_MATCH_PICKBAN_JOIN_REWARD8_DESC,영광의 리그 {1}회 결투 완료
MISSION_MATCH_PICKBAN_JOIN_REWARD9_DESC,영광의 리그 {1}회 결투 완료
MISSION_MATCH_PICKBAN_JOIN_REWARD10_DESC,영광의 리그 {1}회 결투 완료
MISSION_MATCH_PICKBAN_JOIN_REWARD11_DESC,영광의 리그 {1}회 결투 완료
MISSION_MATCH_PICKBAN_JOIN_REWARD12_DESC,영광의 리그 {1}회 결투 완료
MISSION_MATCH_PICKBAN_JOIN_REWARD13_DESC,영광의 리그 {1}회 결투 완료
MISSION_MATCH_PICKBAN_JOIN_REWARD14_DESC,영광의 리그 {1}회 결투 완료
MISSION_MATCH_PICKBAN_JOIN_REWARD15_DESC,영광의 리그 {1}회 결투 완료
MISSION_MATCH_PICKBAN_JOIN_REWARD16_DESC,영광의 리그 {1}회 결투 완료
MISSION_MATCH_PICKBAN_JOIN_REWARD17_DESC,영광의 리그 {1}회 결투 완료
MISSION_MATCH_PICKBAN_JOIN_REWARD18_DESC,영광의 리그 {1}회 결투 완료
MISSION_MATCH_PICKBAN_JOIN_REWARD19_DESC,영광의 리그 {1}회 결투 완료
MISSION_MATCH_PICKBAN_JOIN_REWARD20_DESC,영광의 리그 {1}회 결투 완료
MISSION_MATCH_PICKBAN_JOIN_REWARD21_DESC,영광의 리그 {1}회 결투 완료
MISSION_MATCH_PICKBAN_JOIN_REWARD22_DESC,영광의 리그 {1}회 결투 완료
MISSION_MATCH_PICKBAN_JOIN_REWARD23_DESC,영광의 리그 {1}회 결투 완료
MISSION_MATCH_PICKBAN_JOIN_REWARD24_DESC,영광의 리그 {1}회 결투 완료
MISSION_MATCH_PICKBAN_JOIN_REWARD25_DESC,영광의 리그 {1}회 결투 완료
MISSION_MATCH_PICKBAN_JOIN_REWARD26_DESC,영광의 리그 {1}회 결투 완료
MISSION_MATCH_PICKBAN_JOIN_REWARD27_DESC,영광의 리그 {1}회 결투 완료
MISSION_MATCH_PICKBAN_JOIN_REWARD28_DESC,영광의 리그 {1}회 결투 완료
MISSION_MATCH_PICKBAN_JOIN_REWARD29_DESC,영광의 리그 {1}회 결투 완료
MISSION_MATCH_PICKBAN_JOIN_REWARD30_DESC,영광의 리그 {1}회 결투 완료
MISSION_MATCH_PICKBAN_WIN_REWARD1_NAME,영광의 리그 승리자! {1}
MISSION_MATCH_PICKBAN_WIN_REWARD1_DESC,영광의 리그 {1}회 승리 완료
DAILYMISSION_FREE_BOOSTER_EXP_NAME_1,빠른 성장의 지름길! 경험치 핫타임 사용! {1}
DAILYMISSION_FREE_BOOSTER_EXP_NAME_2,빠른 성장의 지름길! 경험치 핫타임 사용! {1}
DAILYMISSION_FREE_BOOSTER_EXP_NAME_3,빠른 성장의 지름길! 경험치 핫타임 사용! {1}
DAILYMISSION_FREE_BOOSTER_EXP_DESC_1,{1}일 {1}회 접속
DAILYMISSION_FREE_BOOSTER_EXP_DESC_2,{1}일 {1}회 접속
DAILYMISSION_FREE_BOOSTER_EXP_DESC_3,{1}일 {1}회 접속
DAILYMISSION_FREE_BOOSTER_GOLD_NAME_1,부자로 가는 지름길! 골드 핫타임 사용! {1}
DAILYMISSION_FREE_BOOSTER_GOLD_NAME_2,부자로 가는 지름길! 골드 핫타임 사용! {1}
DAILYMISSION_FREE_BOOSTER_GOLD_NAME_3,부자로 가는 지름길! 골드 핫타임 사용! {1}
DAILYMISSION_FREE_BOOSTER_GOLD_DESC_1,{1}일 {1}회 접속
DAILYMISSION_FREE_BOOSTER_GOLD_DESC_2,{1}일 {1}회 접속
DAILYMISSION_FREE_BOOSTER_GOLD_DESC_3,{1}일 {1}회 접속
MISSION_TOTAL_MONSTER_NAME_1,몬스터 처리는 내게 맡기세요 {1}
MISSION_TOTAL_MONSTER_NAME_2,몬스터 처리는 내게 맡기세요 {1}
MISSION_TOTAL_MONSTER_NAME_3,몬스터 처리는 내게 맡기세요 {1}
MISSION_TOTAL_MONSTER_NAME_4,몬스터 처리는 내게 맡기세요 {1}
MISSION_TOTAL_MONSTER_NAME_5,몬스터 처리는 내게 맡기세요 {1}
MISSION_TOTAL_MONSTER_NAME_6,몬스터 처리는 내게 맡기세요 {1}
MISSION_TOTAL_MONSTER_NAME_7,몬스터 처리는 내게 맡기세요 {1}
MISSION_TOTAL_MONSTER_NAME_8,몬스터 처리는 내게 맡기세요 {1}
MISSION_TOTAL_MONSTER_NAME_9,몬스터 처리는 내게 맡기세요 {1}
MISSION_TOTAL_MONSTER_NAME_10,몬스터 처리는 내게 맡기세요 {1}
MISSION_TOTAL_MONSTER_NAME_11,몬스터 처리는 내게 맡기세요 {1}
MISSION_TOTAL_MONSTER_NAME_12,몬스터 처리는 내게 맡기세요 {1}
MISSION_TOTAL_MONSTER_NAME_13,몬스터 처리는 내게 맡기세요 {1}
MISSION_TOTAL_MONSTER_NAME_14,몬스터 처리는 내게 맡기세요 {1}
MISSION_TOTAL_MONSTER_NAME_15,몬스터 처리는 내게 맡기세요 {1}
MISSION_TOTAL_MONSTER_NAME_16,몬스터 처리는 내게 맡기세요 {1}
MISSION_TOTAL_MONSTER_NAME_17,몬스터 처리는 내게 맡기세요 {1}
MISSION_TOTAL_MONSTER_NAME_18,몬스터 처리는 내게 맡기세요 {1}
MISSION_TOTAL_MONSTER_NAME_19,몬스터 처리는 내게 맡기세요 {1}
MISSION_TOTAL_MONSTER_NAME_20,몬스터 처리는 내게 맡기세요 {1}
MISSION_TOTAL_MONSTER_NAME_21,몬스터 처리는 내게 맡기세요 {1}
MISSION_TOTAL_MONSTER_NAME_22,몬스터 처리는 내게 맡기세요 {1}
MISSION_TOTAL_MONSTER_NAME_23,몬스터 처리는 내게 맡기세요 {1}
MISSION_TOTAL_MONSTER_NAME_24,몬스터 처리는 내게 맡기세요 {1}
MISSION_TOTAL_MONSTER_NAME_25,몬스터 처리는 내게 맡기세요 {1}
MISSION_TOTAL_MONSTER_NAME_26,몬스터 처리는 내게 맡기세요 {1}
MISSION_TOTAL_MONSTER_NAME_27,몬스터 처리는 내게 맡기세요 {1}
MISSION_TOTAL_MONSTER_DESC_1,모든 몬스터 {1} 종류 처치
MISSION_TOTAL_MONSTER_DESC_2,모든 몬스터 {1} 종류 처치
MISSION_TOTAL_MONSTER_DESC_3,모든 몬스터 {1} 종류 처치
MISSION_TOTAL_MONSTER_DESC_4,모든 몬스터 {1} 종류 처치
MISSION_TOTAL_MONSTER_DESC_5,모든 몬스터 {1} 종류 처치
MISSION_TOTAL_MONSTER_DESC_6,모든 몬스터 {1} 종류 처치
MISSION_TOTAL_MONSTER_DESC_7,모든 몬스터 {1} 종류 처치
MISSION_TOTAL_MONSTER_DESC_8,모든 몬스터 {1} 종류 처치
MISSION_TOTAL_MONSTER_DESC_9,모든 몬스터 {1} 종류 처치
MISSION_TOTAL_MONSTER_DESC_10,모든 몬스터 {1} 종류 처치
MISSION_TOTAL_MONSTER_DESC_11,모든 몬스터 {1} 종류 처치
MISSION_TOTAL_MONSTER_DESC_12,모든 몬스터 {1} 종류 처치
MISSION_TOTAL_MONSTER_DESC_13,모든 몬스터 {1} 종류 처치
MISSION_TOTAL_MONSTER_DESC_14,모든 몬스터 {1} 종류 처치
MISSION_TOTAL_MONSTER_DESC_15,모든 몬스터 {1} 종류 처치
MISSION_TOTAL_MONSTER_DESC_16,모든 몬스터 {1} 종류 처치
MISSION_TOTAL_MONSTER_DESC_17,모든 몬스터 {1} 종류 처치
MISSION_TOTAL_MONSTER_DESC_18,모든 몬스터 {1} 종류 처치
MISSION_TOTAL_MONSTER_DESC_19,모든 몬스터 {1} 종류 처치
MISSION_TOTAL_MONSTER_DESC_20,모든 몬스터 {1} 종류 처치
MISSION_TOTAL_MONSTER_DESC_21,모든 몬스터 {1} 종류 처치
MISSION_TOTAL_MONSTER_DESC_22,모든 몬스터 {1} 종류 처치
MISSION_TOTAL_MONSTER_DESC_23,모든 몬스터 {1} 종류 처치
MISSION_TOTAL_MONSTER_DESC_24,모든 몬스터 {1} 종류 처치
MISSION_TOTAL_MONSTER_DESC_25,모든 몬스터 {1} 종류 처치
MISSION_TOTAL_MONSTER_DESC_26,모든 몬스터 {1} 종류 처치
MISSION_TOTAL_MONSTER_DESC_27,모든 몬스터 {1} 종류 처치
MISSION_TOTAL_BOSS_MONSTER_NAME_1,보스 몬스터도 두렵지 않아! {1}
MISSION_TOTAL_BOSS_MONSTER_NAME_2,보스 몬스터도 두렵지 않아! {1}
MISSION_TOTAL_BOSS_MONSTER_NAME_3,보스 몬스터도 두렵지 않아! {1}
MISSION_TOTAL_BOSS_MONSTER_NAME_4,보스 몬스터도 두렵지 않아! {1}
MISSION_TOTAL_BOSS_MONSTER_NAME_5,보스 몬스터도 두렵지 않아! {1}
MISSION_TOTAL_BOSS_MONSTER_NAME_6,보스 몬스터도 두렵지 않아! {1}
MISSION_TOTAL_BOSS_MONSTER_NAME_7,보스 몬스터도 두렵지 않아! {1}
MISSION_TOTAL_BOSS_MONSTER_NAME_8,보스 몬스터도 두렵지 않아! {1}
MISSION_TOTAL_BOSS_MONSTER_NAME_9,보스 몬스터도 두렵지 않아! {1}
MISSION_TOTAL_BOSS_MONSTER_NAME_10,보스 몬스터도 두렵지 않아! {1}
MISSION_TOTAL_BOSS_MONSTER_NAME_11,보스 몬스터도 두렵지 않아! {2}
MISSION_TOTAL_BOSS_MONSTER_NAME_12,보스 몬스터도 두렵지 않아! {3}
MISSION_TOTAL_BOSS_MONSTER_DESC_1,보스급 몬스터 {1} 종류 처치
MISSION_TOTAL_BOSS_MONSTER_DESC_2,보스급 몬스터 {1} 종류 처치
MISSION_TOTAL_BOSS_MONSTER_DESC_3,보스급 몬스터 {1} 종류 처치
MISSION_TOTAL_BOSS_MONSTER_DESC_4,보스급 몬스터 {1} 종류 처치
MISSION_TOTAL_BOSS_MONSTER_DESC_5,보스급 몬스터 {1} 종류 처치
MISSION_TOTAL_BOSS_MONSTER_DESC_6,보스급 몬스터 {1} 종류 처치
MISSION_TOTAL_BOSS_MONSTER_DESC_7,보스급 몬스터 {1} 종류 처치
MISSION_TOTAL_BOSS_MONSTER_DESC_8,보스급 몬스터 {1} 종류 처치
MISSION_TOTAL_BOSS_MONSTER_DESC_9,보스급 몬스터 {1} 종류 처치
MISSION_TOTAL_BOSS_MONSTER_DESC_10,보스급 몬스터 {1} 종류 처치
MISSION_TOTAL_BOSS_MONSTER_DESC_11,보스급 몬스터 {1} 종류 처치
MISSION_TOTAL_BOSS_MONSTER_DESC_12,보스급 몬스터 {1} 종류 처치
MISSION_TOTAL_NORMAL_MONSTER_NAME_1,뭐 이 정도 몬스터 쯤이야 {1}
MISSION_TOTAL_NORMAL_MONSTER_NAME_2,뭐 이 정도 몬스터 쯤이야 {1}
MISSION_TOTAL_NORMAL_MONSTER_NAME_3,뭐 이 정도 몬스터 쯤이야 {1}
MISSION_TOTAL_NORMAL_MONSTER_NAME_4,뭐 이 정도 몬스터 쯤이야 {1}
MISSION_TOTAL_NORMAL_MONSTER_NAME_5,뭐 이 정도 몬스터 쯤이야 {1}
MISSION_TOTAL_NORMAL_MONSTER_NAME_6,뭐 이 정도 몬스터 쯤이야 {1}
MISSION_TOTAL_NORMAL_MONSTER_NAME_7,뭐 이 정도 몬스터 쯤이야 {1}
MISSION_TOTAL_NORMAL_MONSTER_NAME_8,뭐 이 정도 몬스터 쯤이야 {1}
MISSION_TOTAL_NORMAL_MONSTER_NAME_9,뭐 이 정도 몬스터 쯤이야 {1}
MISSION_TOTAL_NORMAL_MONSTER_NAME_10,뭐 이 정도 몬스터 쯤이야 {1}
MISSION_TOTAL_NORMAL_MONSTER_NAME_11,뭐 이 정도 몬스터 쯤이야 {1}
MISSION_TOTAL_NORMAL_MONSTER_NAME_12,뭐 이 정도 몬스터 쯤이야 {1}
MISSION_TOTAL_NORMAL_MONSTER_NAME_13,뭐 이 정도 몬스터 쯤이야 {1}
MISSION_TOTAL_NORMAL_MONSTER_NAME_14,뭐 이 정도 몬스터 쯤이야 {1}
MISSION_TOTAL_NORMAL_MONSTER_NAME_15,뭐 이 정도 몬스터 쯤이야 {1}
MISSION_TOTAL_NORMAL_MONSTER_NAME_16,뭐 이 정도 몬스터 쯤이야 {1}
MISSION_TOTAL_NORMAL_MONSTER_NAME_17,뭐 이 정도 몬스터 쯤이야 {1}
MISSION_TOTAL_NORMAL_MONSTER_NAME_18,뭐 이 정도 몬스터 쯤이야 {1}
MISSION_TOTAL_NORMAL_MONSTER_NAME_19,뭐 이 정도 몬스터 쯤이야 {1}
MISSION_TOTAL_NORMAL_MONSTER_NAME_20,뭐 이 정도 몬스터 쯤이야 {1}
MISSION_TOTAL_NORMAL_MONSTER_NAME_21,뭐 이 정도 몬스터 쯤이야 {1}
MISSION_TOTAL_NORMAL_MONSTER_NAME_22,뭐 이 정도 몬스터 쯤이야 {1}
MISSION_TOTAL_NORMAL_MONSTER_NAME_23,뭐 이 정도 몬스터 쯤이야 {1}
MISSION_TOTAL_NORMAL_MONSTER_NAME_24,뭐 이 정도 몬스터 쯤이야 {1}
MISSION_TOTAL_NORMAL_MONSTER_DESC_1,일반 몬스터 {1} 종류 처치
MISSION_TOTAL_NORMAL_MONSTER_DESC_2,일반 몬스터 {1} 종류 처치
MISSION_TOTAL_NORMAL_MONSTER_DESC_3,일반 몬스터 {1} 종류 처치
MISSION_TOTAL_NORMAL_MONSTER_DESC_4,일반 몬스터 {1} 종류 처치
MISSION_TOTAL_NORMAL_MONSTER_DESC_5,일반 몬스터 {1} 종류 처치
MISSION_TOTAL_NORMAL_MONSTER_DESC_6,일반 몬스터 {1} 종류 처치
MISSION_TOTAL_NORMAL_MONSTER_DESC_7,일반 몬스터 {1} 종류 처치
MISSION_TOTAL_NORMAL_MONSTER_DESC_8,일반 몬스터 {1} 종류 처치
MISSION_TOTAL_NORMAL_MONSTER_DESC_9,일반 몬스터 {1} 종류 처치
MISSION_TOTAL_NORMAL_MONSTER_DESC_10,일반 몬스터 {1} 종류 처치
MISSION_TOTAL_NORMAL_MONSTER_DESC_11,일반 몬스터 {1} 종류 처치
MISSION_TOTAL_NORMAL_MONSTER_DESC_12,일반 몬스터 {1} 종류 처치
MISSION_TOTAL_NORMAL_MONSTER_DESC_13,일반 몬스터 {1} 종류 처치
MISSION_TOTAL_NORMAL_MONSTER_DESC_14,일반 몬스터 {1} 종류 처치
MISSION_TOTAL_NORMAL_MONSTER_DESC_15,일반 몬스터 {1} 종류 처치
MISSION_TOTAL_NORMAL_MONSTER_DESC_16,일반 몬스터 {1} 종류 처치
MISSION_TOTAL_NORMAL_MONSTER_DESC_17,일반 몬스터 {1} 종류 처치
MISSION_TOTAL_NORMAL_MONSTER_DESC_18,일반 몬스터 {1} 종류 처치
MISSION_TOTAL_NORMAL_MONSTER_DESC_19,일반 몬스터 {1} 종류 처치
MISSION_TOTAL_NORMAL_MONSTER_DESC_20,일반 몬스터 {1} 종류 처치
MISSION_TOTAL_NORMAL_MONSTER_DESC_21,일반 몬스터 {1} 종류 처치
MISSION_TOTAL_NORMAL_MONSTER_DESC_22,일반 몬스터 {1} 종류 처치
MISSION_TOTAL_NORMAL_MONSTER_DESC_23,일반 몬스터 {1} 종류 처치
MISSION_TOTAL_NORMAL_MONSTER_DESC_24,일반 몬스터 {1} 종류 처치
MISSION_TOTAL_ITEM_NAME_1,아이템 수집가 {1}
MISSION_TOTAL_ITEM_NAME_2,아이템 수집가 {1}
MISSION_TOTAL_ITEM_NAME_3,아이템 수집가 {1}
MISSION_TOTAL_ITEM_NAME_4,아이템 수집가 {1}
MISSION_TOTAL_ITEM_NAME_5,아이템 수집가 {1}
MISSION_TOTAL_ITEM_NAME_6,아이템 수집가 {1}
MISSION_TOTAL_ITEM_NAME_7,아이템 수집가 {1}
MISSION_TOTAL_ITEM_NAME_8,아이템 수집가 {1}
MISSION_TOTAL_ITEM_NAME_9,아이템 수집가 {1}
MISSION_TOTAL_ITEM_NAME_10,아이템 수집가 {1}
MISSION_TOTAL_ITEM_NAME_11,아이템 수집가 {1}
MISSION_TOTAL_ITEM_NAME_12,아이템 수집가 {1}
MISSION_TOTAL_ITEM_NAME_13,아이템 수집가 {1}
MISSION_TOTAL_ITEM_NAME_14,아이템 수집가 {1}
MISSION_TOTAL_ITEM_NAME_15,아이템 수집가 {1}
MISSION_TOTAL_ITEM_NAME_16,아이템 수집가 {1}
MISSION_TOTAL_ITEM_NAME_17,아이템 수집가 {1}
MISSION_TOTAL_ITEM_NAME_18,아이템 수집가 {1}
MISSION_TOTAL_ITEM_NAME_19,아이템 수집가 {1}
MISSION_TOTAL_ITEM_NAME_20,아이템 수집가 {1}
MISSION_TOTAL_ITEM_NAME_21,아이템 수집가 {1}
MISSION_TOTAL_ITEM_NAME_22,아이템 수집가 {1}
MISSION_TOTAL_ITEM_NAME_23,아이템 수집가 {1}
MISSION_TOTAL_ITEM_NAME_24,아이템 수집가 {1}
MISSION_TOTAL_ITEM_NAME_25,아이템 수집가 {1}
MISSION_TOTAL_ITEM_NAME_26,아이템 수집가 {1}
MISSION_TOTAL_ITEM_NAME_27,아이템 수집가 {1}
MISSION_TOTAL_ITEM_NAME_28,아이템 수집가 {1}
MISSION_TOTAL_ITEM_NAME_29,아이템 수집가 {1}
MISSION_TOTAL_ITEM_NAME_30,아이템 수집가 {1}
MISSION_TOTAL_ITEM_NAME_31,아이템 수집가 {1}
MISSION_TOTAL_ITEM_NAME_32,아이템 수집가 {1}
MISSION_TOTAL_ITEM_NAME_33,아이템 수집가 {1}
MISSION_TOTAL_ITEM_NAME_34,아이템 수집가 {1}
MISSION_TOTAL_ITEM_NAME_35,아이템 수집가 {1}
MISSION_TOTAL_ITEM_DESC_1,모든 종류의 아이템 {1}종류 수집
MISSION_TOTAL_ITEM_DESC_2,모든 종류의 아이템 {1}종류 수집
MISSION_TOTAL_ITEM_DESC_3,모든 종류의 아이템 {1}종류 수집
MISSION_TOTAL_ITEM_DESC_4,모든 종류의 아이템 {1}종류 수집
MISSION_TOTAL_ITEM_DESC_5,모든 종류의 아이템 {1}종류 수집
MISSION_TOTAL_ITEM_DESC_6,모든 종류의 아이템 {1}종류 수집
MISSION_TOTAL_ITEM_DESC_7,모든 종류의 아이템 {1}종류 수집
MISSION_TOTAL_ITEM_DESC_8,모든 종류의 아이템 {1}종류 수집
MISSION_TOTAL_ITEM_DESC_9,모든 종류의 아이템 {1}종류 수집
MISSION_TOTAL_ITEM_DESC_10,모든 종류의 아이템 {1}종류 수집
MISSION_TOTAL_ITEM_DESC_11,모든 종류의 아이템 {1}종류 수집
MISSION_TOTAL_ITEM_DESC_12,모든 종류의 아이템 {1}종류 수집
MISSION_TOTAL_ITEM_DESC_13,모든 종류의 아이템 {1}종류 수집
MISSION_TOTAL_ITEM_DESC_14,모든 종류의 아이템 {1}종류 수집
MISSION_TOTAL_ITEM_DESC_15,모든 종류의 아이템 {1}종류 수집
MISSION_TOTAL_ITEM_DESC_16,모든 종류의 아이템 {1}종류 수집
MISSION_TOTAL_ITEM_DESC_17,모든 종류의 아이템 {1}종류 수집
MISSION_TOTAL_ITEM_DESC_18,모든 종류의 아이템 {1}종류 수집
MISSION_TOTAL_ITEM_DESC_19,모든 종류의 아이템 {1}종류 수집
MISSION_TOTAL_ITEM_DESC_20,모든 종류의 아이템 {1}종류 수집
MISSION_TOTAL_ITEM_DESC_21,모든 종류의 아이템 {1}종류 수집
MISSION_TOTAL_ITEM_DESC_22,모든 종류의 아이템 {1}종류 수집
MISSION_TOTAL_ITEM_DESC_23,모든 종류의 아이템 {1}종류 수집
MISSION_TOTAL_ITEM_DESC_24,모든 종류의 아이템 {1}종류 수집
MISSION_TOTAL_ITEM_DESC_25,모든 종류의 아이템 {1}종류 수집
MISSION_TOTAL_ITEM_DESC_26,모든 종류의 아이템 {1}종류 수집
MISSION_TOTAL_ITEM_DESC_27,모든 종류의 아이템 {1}종류 수집
MISSION_TOTAL_ITEM_DESC_28,모든 종류의 아이템 {1}종류 수집
MISSION_TOTAL_ITEM_DESC_29,모든 종류의 아이템 {1}종류 수집
MISSION_TOTAL_ITEM_DESC_30,모든 종류의 아이템 {1}종류 수집
MISSION_TOTAL_ITEM_DESC_31,모든 종류의 아이템 {1}종류 수집
MISSION_TOTAL_ITEM_DESC_32,모든 종류의 아이템 {1}종류 수집
MISSION_TOTAL_ITEM_DESC_33,모든 종류의 아이템 {1}종류 수집
MISSION_TOTAL_ITEM_DESC_34,모든 종류의 아이템 {1}종류 수집
MISSION_TOTAL_ITEM_DESC_35,모든 종류의 아이템 {1}종류 수집
MISSION_TOTAL_UNIQUE_WEAPON_NAME_1,전용 무기 수집가 {1}
MISSION_TOTAL_UNIQUE_WEAPON_NAME_2,전용 무기 수집가 {1}
MISSION_TOTAL_UNIQUE_WEAPON_NAME_3,전용 무기 수집가 {1}
MISSION_TOTAL_UNIQUE_WEAPON_NAME_4,전용 무기 수집가 {1}
MISSION_TOTAL_UNIQUE_WEAPON_NAME_5,전용 무기 수집가 {1}
MISSION_TOTAL_UNIQUE_WEAPON_NAME_6,전용 무기 수집가 {1}
MISSION_TOTAL_UNIQUE_WEAPON_NAME_7,전용 무기 수집가 {1}
MISSION_TOTAL_UNIQUE_WEAPON_NAME_8,전용 무기 수집가 {1}
MISSION_TOTAL_UNIQUE_WEAPON_NAME_9,전용 무기 수집가 {1}
MISSION_TOTAL_UNIQUE_WEAPON_NAME_10,전용 무기 수집가 {1}
MISSION_TOTAL_UNIQUE_WEAPON_NAME_11,전용 무기 수집가 {1}
MISSION_TOTAL_UNIQUE_WEAPON_NAME_12,전용 무기 수집가 {1}
MISSION_TOTAL_UNIQUE_WEAPON_NAME_13,전용 무기 수집가 {1}
MISSION_TOTAL_UNIQUE_WEAPON_NAME_14,전용 무기 수집가 {1}
MISSION_TOTAL_UNIQUE_WEAPON_NAME_15,전용 무기 수집가 {1}
MISSION_TOTAL_UNIQUE_WEAPON_NAME_16,전용 무기 수집가 {1}
MISSION_TOTAL_UNIQUE_WEAPON_NAME_17,전용 무기 수집가 {1}
MISSION_TOTAL_UNIQUE_WEAPON_NAME_18,전용 무기 수집가 {1}
MISSION_TOTAL_UNIQUE_WEAPON_NAME_19,전용 무기 수집가 {1}
MISSION_TOTAL_UNIQUE_WEAPON_NAME_20,전용 무기 수집가 {1}
MISSION_TOTAL_UNIQUE_WEAPON_NAME_21,전용 무기 수집가 {1}
MISSION_TOTAL_UNIQUE_WEAPON_NAME_22,전용 무기 수집가 {1}
MISSION_TOTAL_UNIQUE_WEAPON_NAME_23,전용 무기 수집가 {1}
MISSION_TOTAL_UNIQUE_WEAPON_NAME_24,전용 무기 수집가 {1}
MISSION_TOTAL_UNIQUE_WEAPON_NAME_25,전용 무기 수집가 {1}
MISSION_TOTAL_UNIQUE_WEAPON_NAME_26,전용 무기 수집가 {1}
MISSION_TOTAL_UNIQUE_WEAPON_NAME_27,전용 무기 수집가 {1}
MISSION_TOTAL_UNIQUE_WEAPON_NAME_28,전용 무기 수집가 {1}
MISSION_TOTAL_UNIQUE_WEAPON_NAME_29,전용 무기 수집가 {1}
MISSION_TOTAL_UNIQUE_WEAPON_NAME_30,전용 무기 수집가 {1}
MISSION_TOTAL_UNIQUE_WEAPON_NAME_31,전용 무기 수집가 {1}
MISSION_TOTAL_UNIQUE_WEAPON_NAME_32,전용 무기 수집가 {1}
MISSION_TOTAL_UNIQUE_WEAPON_NAME_33,전용 무기 수집가 {1}
MISSION_TOTAL_UNIQUE_WEAPON_NAME_34,전용 무기 수집가 {1}
MISSION_TOTAL_UNIQUE_WEAPON_NAME_35,전용 무기 수집가 {1}
MISSION_TOTAL_UNIQUE_WEAPON_NAME_36,전용 무기 수집가 {1}
MISSION_TOTAL_UNIQUE_WEAPON_NAME_37,전용 무기 수집가 {1}
MISSION_TOTAL_UNIQUE_WEAPON_NAME_38,전용 무기 수집가 {1}
MISSION_TOTAL_UNIQUE_WEAPON_NAME_39,전용 무기 수집가 {1}
MISSION_TOTAL_UNIQUE_WEAPON_NAME_40,전용 무기 수집가 {1}
MISSION_TOTAL_UNIQUE_WEAPON_NAME_41,전용 무기 수집가 {1}
MISSION_TOTAL_UNIQUE_WEAPON_NAME_42,전용 무기 수집가 {1}
MISSION_TOTAL_UNIQUE_WEAPON_NAME_43,전용 무기 수집가 {1}
MISSION_TOTAL_UNIQUE_WEAPON_DESC_1,전용 무기 {1}종류 수집
MISSION_TOTAL_UNIQUE_WEAPON_DESC_2,전용 무기 {1}종류 수집
MISSION_TOTAL_UNIQUE_WEAPON_DESC_3,전용 무기 {1}종류 수집
MISSION_TOTAL_UNIQUE_WEAPON_DESC_4,전용 무기 {1}종류 수집
MISSION_TOTAL_UNIQUE_WEAPON_DESC_5,전용 무기 {1}종류 수집
MISSION_TOTAL_UNIQUE_WEAPON_DESC_6,전용 무기 {1}종류 수집
MISSION_TOTAL_UNIQUE_WEAPON_DESC_7,전용 무기 {1}종류 수집
MISSION_TOTAL_UNIQUE_WEAPON_DESC_8,전용 무기 {1}종류 수집
MISSION_TOTAL_UNIQUE_WEAPON_DESC_9,전용 무기 {1}종류 수집
MISSION_TOTAL_UNIQUE_WEAPON_DESC_10,전용 무기 {1}종류 수집
MISSION_TOTAL_UNIQUE_WEAPON_DESC_11,전용 무기 {1}종류 수집
MISSION_TOTAL_UNIQUE_WEAPON_DESC_12,전용 무기 {1}종류 수집
MISSION_TOTAL_UNIQUE_WEAPON_DESC_13,전용 무기 {1}종류 수집
MISSION_TOTAL_UNIQUE_WEAPON_DESC_14,전용 무기 {1}종류 수집
MISSION_TOTAL_UNIQUE_WEAPON_DESC_15,전용 무기 {1}종류 수집
MISSION_TOTAL_UNIQUE_WEAPON_DESC_16,전용 무기 {1}종류 수집
MISSION_TOTAL_UNIQUE_WEAPON_DESC_17,전용 무기 {1}종류 수집
MISSION_TOTAL_UNIQUE_WEAPON_DESC_18,전용 무기 {1}종류 수집
MISSION_TOTAL_UNIQUE_WEAPON_DESC_19,전용 무기 {1}종류 수집
MISSION_TOTAL_UNIQUE_WEAPON_DESC_20,전용 무기 {1}종류 수집
MISSION_TOTAL_UNIQUE_WEAPON_DESC_21,전용 무기 {1}종류 수집
MISSION_TOTAL_UNIQUE_WEAPON_DESC_22,전용 무기 {1}종류 수집
MISSION_TOTAL_UNIQUE_WEAPON_DESC_23,전용 무기 {1}종류 수집
MISSION_TOTAL_UNIQUE_WEAPON_DESC_24,전용 무기 {1}종류 수집
MISSION_TOTAL_UNIQUE_WEAPON_DESC_25,전용 무기 {1}종류 수집
MISSION_TOTAL_UNIQUE_WEAPON_DESC_26,전용 무기 {1}종류 수집
MISSION_TOTAL_UNIQUE_WEAPON_DESC_27,전용 무기 {1}종류 수집
MISSION_TOTAL_UNIQUE_WEAPON_DESC_28,전용 무기 {1}종류 수집
MISSION_TOTAL_UNIQUE_WEAPON_DESC_29,전용 무기 {1}종류 수집
MISSION_TOTAL_UNIQUE_WEAPON_DESC_30,전용 무기 {1}종류 수집
MISSION_TOTAL_UNIQUE_WEAPON_DESC_31,전용 무기 {1}종류 수집
MISSION_TOTAL_UNIQUE_WEAPON_DESC_32,전용 무기 {1}종류 수집
MISSION_TOTAL_UNIQUE_WEAPON_DESC_33,전용 무기 {1}종류 수집
MISSION_TOTAL_UNIQUE_WEAPON_DESC_34,전용 무기 {1}종류 수집
MISSION_TOTAL_UNIQUE_WEAPON_DESC_35,전용 무기 {1}종류 수집
MISSION_TOTAL_UNIQUE_WEAPON_DESC_36,전용 무기 {1}종류 수집
MISSION_TOTAL_UNIQUE_WEAPON_DESC_37,전용 무기 {1}종류 수집
MISSION_TOTAL_UNIQUE_WEAPON_DESC_38,전용 무기 {1}종류 수집
MISSION_TOTAL_UNIQUE_WEAPON_DESC_39,전용 무기 {1}종류 수집
MISSION_TOTAL_UNIQUE_WEAPON_DESC_40,전용 무기 {1}종류 수집
MISSION_TOTAL_UNIQUE_WEAPON_DESC_41,전용 무기 {1}종류 수집
MISSION_TOTAL_UNIQUE_WEAPON_DESC_42,전용 무기 {1}종류 수집
MISSION_TOTAL_UNIQUE_WEAPON_DESC_43,전용 무기 {1}종류 수집
MISSION_TOTAL_UNIQUE_TREASURE_NAME_1,내 소중한 보물 {1}
MISSION_TOTAL_UNIQUE_TREASURE_NAME_2,내 소중한 보물 {1}
MISSION_TOTAL_UNIQUE_TREASURE_NAME_3,내 소중한 보물 {1}
MISSION_TOTAL_UNIQUE_TREASURE_NAME_4,내 소중한 보물 {1}
MISSION_TOTAL_UNIQUE_TREASURE_NAME_5,내 소중한 보물 {1}
MISSION_TOTAL_UNIQUE_TREASURE_NAME_6,내 소중한 보물 {1}
MISSION_TOTAL_UNIQUE_TREASURE_NAME_7,내 소중한 보물 {1}
MISSION_TOTAL_UNIQUE_TREASURE_NAME_8,내 소중한 보물 {1}
MISSION_TOTAL_UNIQUE_TREASURE_NAME_9,내 소중한 보물 {1}
MISSION_TOTAL_UNIQUE_TREASURE_NAME_10,내 소중한 보물 {1}
MISSION_TOTAL_UNIQUE_TREASURE_NAME_11,내 소중한 보물 {1}
MISSION_TOTAL_UNIQUE_TREASURE_NAME_12,내 소중한 보물 {1}
MISSION_TOTAL_UNIQUE_TREASURE_NAME_13,내 소중한 보물 {1}
MISSION_TOTAL_UNIQUE_TREASURE_NAME_14,내 소중한 보물 {1}
MISSION_TOTAL_UNIQUE_TREASURE_NAME_15,내 소중한 보물 {1}
MISSION_TOTAL_UNIQUE_TREASURE_NAME_16,내 소중한 보물 {1}
MISSION_TOTAL_UNIQUE_TREASURE_NAME_17,내 소중한 보물 {1}
MISSION_TOTAL_UNIQUE_TREASURE_NAME_18,내 소중한 보물 {1}
MISSION_TOTAL_UNIQUE_TREASURE_NAME_19,내 소중한 보물 {1}
MISSION_TOTAL_UNIQUE_TREASURE_NAME_20,내 소중한 보물 {1}
MISSION_TOTAL_UNIQUE_TREASURE_NAME_21,내 소중한 보물 {1}
MISSION_TOTAL_UNIQUE_TREASURE_NAME_22,내 소중한 보물 {1}
MISSION_TOTAL_UNIQUE_TREASURE_NAME_23,내 소중한 보물 {1}
MISSION_TOTAL_UNIQUE_TREASURE_NAME_24,내 소중한 보물 {1}
MISSION_TOTAL_UNIQUE_TREASURE_NAME_25,내 소중한 보물 {1}
MISSION_TOTAL_UNIQUE_TREASURE_NAME_26,내 소중한 보물 {1}
MISSION_TOTAL_UNIQUE_TREASURE_NAME_27,내 소중한 보물 {1}
MISSION_TOTAL_UNIQUE_TREASURE_NAME_28,내 소중한 보물 {1}
MISSION_TOTAL_UNIQUE_TREASURE_NAME_29,내 소중한 보물 {1}
MISSION_TOTAL_UNIQUE_TREASURE_NAME_30,내 소중한 보물 {1}
MISSION_TOTAL_UNIQUE_TREASURE_NAME_31,내 소중한 보물 {1}
MISSION_TOTAL_UNIQUE_TREASURE_NAME_32,내 소중한 보물 {1}
MISSION_TOTAL_UNIQUE_TREASURE_NAME_33,내 소중한 보물 {1}
MISSION_TOTAL_UNIQUE_TREASURE_NAME_34,내 소중한 보물 {1}
MISSION_TOTAL_UNIQUE_TREASURE_NAME_35,내 소중한 보물 {1}
MISSION_TOTAL_UNIQUE_TREASURE_NAME_36,내 소중한 보물 {1}
MISSION_TOTAL_UNIQUE_TREASURE_NAME_37,내 소중한 보물 {1}
MISSION_TOTAL_UNIQUE_TREASURE_NAME_38,내 소중한 보물 {1}
MISSION_TOTAL_UNIQUE_TREASURE_NAME_39,내 소중한 보물 {1}
MISSION_TOTAL_UNIQUE_TREASURE_NAME_40,내 소중한 보물 {1}
MISSION_TOTAL_UNIQUE_TREASURE_NAME_41,내 소중한 보물 {1}
MISSION_TOTAL_UNIQUE_TREASURE_NAME_42,내 소중한 보물 {1}
MISSION_TOTAL_UNIQUE_TREASURE_NAME_43,내 소중한 보물 {1}
MISSION_TOTAL_UNIQUE_TREASURE_NAME_44,내 소중한 보물 {1}
MISSION_TOTAL_UNIQUE_TREASURE_NAME_45,내 소중한 보물 {1}
MISSION_TOTAL_UNIQUE_TREASURE_NAME_46,내 소중한 보물 {1}
MISSION_TOTAL_UNIQUE_TREASURE_NAME_47,내 소중한 보물 {1}
MISSION_TOTAL_UNIQUE_TREASURE_NAME_48,내 소중한 보물 {1}
MISSION_TOTAL_UNIQUE_TREASURE_NAME_49,내 소중한 보물 {1}
MISSION_TOTAL_UNIQUE_TREASURE_NAME_50,내 소중한 보물 {1}
MISSION_TOTAL_UNIQUE_TREASURE_NAME_51,내 소중한 보물 {1}
MISSION_TOTAL_UNIQUE_TREASURE_NAME_52,내 소중한 보물 {1}
MISSION_TOTAL_UNIQUE_TREASURE_NAME_53,내 소중한 보물 {1}
MISSION_TOTAL_UNIQUE_TREASURE_NAME_54,내 소중한 보물 {1}
MISSION_TOTAL_UNIQUE_TREASURE_NAME_55,내 소중한 보물 {1}
MISSION_TOTAL_UNIQUE_TREASURE_NAME_56,내 소중한 보물 {1}
MISSION_TOTAL_UNIQUE_TREASURE_NAME_57,내 소중한 보물 {1}
MISSION_TOTAL_UNIQUE_TREASURE_NAME_58,내 소중한 보물 {1}
MISSION_TOTAL_UNIQUE_TREASURE_NAME_59,내 소중한 보물 {1}
MISSION_TOTAL_UNIQUE_TREASURE_NAME_60,내 소중한 보물 {1}
MISSION_TOTAL_UNIQUE_TREASURE_NAME_61,내 소중한 보물 {1}
MISSION_TOTAL_UNIQUE_TREASURE_NAME_62,내 소중한 보물 {1}
MISSION_TOTAL_UNIQUE_TREASURE_NAME_63,내 소중한 보물 {1}
MISSION_TOTAL_UNIQUE_TREASURE_NAME_64,내 소중한 보물 {1}
MISSION_TOTAL_UNIQUE_TREASURE_NAME_65,내 소중한 보물 {1}
MISSION_TOTAL_UNIQUE_TREASURE_NAME_66,내 소중한 보물 {1}
MISSION_TOTAL_UNIQUE_TREASURE_NAME_67,내 소중한 보물 {1}
MISSION_TOTAL_UNIQUE_TREASURE_NAME_68,내 소중한 보물 {1}
MISSION_TOTAL_UNIQUE_TREASURE_NAME_69,내 소중한 보물 {1}
MISSION_TOTAL_UNIQUE_TREASURE_NAME_70,내 소중한 보물 {1}
MISSION_TOTAL_UNIQUE_TREASURE_NAME_71,내 소중한 보물 {1}
MISSION_TOTAL_UNIQUE_TREASURE_NAME_72,내 소중한 보물 {1}
MISSION_TOTAL_UNIQUE_TREASURE_NAME_73,내 소중한 보물 {1}
MISSION_TOTAL_UNIQUE_TREASURE_NAME_74,내 소중한 보물 {1}
MISSION_TOTAL_UNIQUE_TREASURE_NAME_75,내 소중한 보물 {1}
MISSION_TOTAL_UNIQUE_TREASURE_NAME_76,내 소중한 보물 {1}
MISSION_TOTAL_UNIQUE_TREASURE_NAME_77,내 소중한 보물 {1}
MISSION_TOTAL_UNIQUE_TREASURE_NAME_78,내 소중한 보물 {1}
MISSION_TOTAL_UNIQUE_TREASURE_NAME_79,내 소중한 보물 {1}
MISSION_TOTAL_UNIQUE_TREASURE_NAME_80,내 소중한 보물 {1}
MISSION_TOTAL_UNIQUE_TREASURE_NAME_81,내 소중한 보물 {1}
MISSION_TOTAL_UNIQUE_TREASURE_NAME_82,내 소중한 보물 {1}
MISSION_TOTAL_UNIQUE_TREASURE_NAME_83,내 소중한 보물 {1}
MISSION_TOTAL_UNIQUE_TREASURE_NAME_84,내 소중한 보물 {1}
MISSION_TOTAL_UNIQUE_TREASURE_NAME_85,내 소중한 보물 {1}
MISSION_TOTAL_UNIQUE_TREASURE_NAME_86,내 소중한 보물 {1}
MISSION_TOTAL_UNIQUE_TREASURE_NAME_87,내 소중한 보물 {1}
MISSION_TOTAL_UNIQUE_TREASURE_NAME_88,내 소중한 보물 {1}
MISSION_TOTAL_UNIQUE_TREASURE_NAME_89,내 소중한 보물 {1}
MISSION_TOTAL_UNIQUE_TREASURE_NAME_90,내 소중한 보물 {1}
MISSION_TOTAL_UNIQUE_TREASURE_NAME_91,내 소중한 보물 {1}
MISSION_TOTAL_UNIQUE_TREASURE_NAME_92,내 소중한 보물 {1}
MISSION_TOTAL_UNIQUE_TREASURE_NAME_93,내 소중한 보물 {1}
MISSION_TOTAL_UNIQUE_TREASURE_NAME_94,내 소중한 보물 {1}
MISSION_TOTAL_UNIQUE_TREASURE_NAME_95,내 소중한 보물 {1}
MISSION_TOTAL_UNIQUE_TREASURE_NAME_96,내 소중한 보물 {1}
MISSION_TOTAL_UNIQUE_TREASURE_NAME_97,내 소중한 보물 {1}
MISSION_TOTAL_UNIQUE_TREASURE_NAME_98,내 소중한 보물 {1}
MISSION_TOTAL_UNIQUE_TREASURE_DESC_1,전용 보물 {1} 종류 수집
MISSION_TOTAL_UNIQUE_TREASURE_DESC_2,전용 보물 {1} 종류 수집
MISSION_TOTAL_UNIQUE_TREASURE_DESC_3,전용 보물 {1} 종류 수집
MISSION_TOTAL_UNIQUE_TREASURE_DESC_4,전용 보물 {1} 종류 수집
MISSION_TOTAL_UNIQUE_TREASURE_DESC_5,전용 보물 {1} 종류 수집
MISSION_TOTAL_UNIQUE_TREASURE_DESC_6,전용 보물 {1} 종류 수집
MISSION_TOTAL_UNIQUE_TREASURE_DESC_7,전용 보물 {1} 종류 수집
MISSION_TOTAL_UNIQUE_TREASURE_DESC_8,전용 보물 {1} 종류 수집
MISSION_TOTAL_UNIQUE_TREASURE_DESC_9,전용 보물 {1} 종류 수집
MISSION_TOTAL_UNIQUE_TREASURE_DESC_10,전용 보물 {1} 종류 수집
MISSION_TOTAL_UNIQUE_TREASURE_DESC_11,전용 보물 {1} 종류 수집
MISSION_TOTAL_UNIQUE_TREASURE_DESC_12,전용 보물 {1} 종류 수집
MISSION_TOTAL_UNIQUE_TREASURE_DESC_13,전용 보물 {1} 종류 수집
MISSION_TOTAL_UNIQUE_TREASURE_DESC_14,전용 보물 {1} 종류 수집
MISSION_TOTAL_UNIQUE_TREASURE_DESC_15,전용 보물 {1} 종류 수집
MISSION_TOTAL_UNIQUE_TREASURE_DESC_16,전용 보물 {1} 종류 수집
MISSION_TOTAL_UNIQUE_TREASURE_DESC_17,전용 보물 {1} 종류 수집
MISSION_TOTAL_UNIQUE_TREASURE_DESC_18,전용 보물 {1} 종류 수집
MISSION_TOTAL_UNIQUE_TREASURE_DESC_19,전용 보물 {1} 종류 수집
MISSION_TOTAL_UNIQUE_TREASURE_DESC_20,전용 보물 {1} 종류 수집
MISSION_TOTAL_UNIQUE_TREASURE_DESC_21,전용 보물 {1} 종류 수집
MISSION_TOTAL_UNIQUE_TREASURE_DESC_22,전용 보물 {1} 종류 수집
MISSION_TOTAL_UNIQUE_TREASURE_DESC_23,전용 보물 {1} 종류 수집
MISSION_TOTAL_UNIQUE_TREASURE_DESC_24,전용 보물 {1} 종류 수집
MISSION_TOTAL_UNIQUE_TREASURE_DESC_25,전용 보물 {1} 종류 수집
MISSION_TOTAL_UNIQUE_TREASURE_DESC_26,전용 보물 {1} 종류 수집
MISSION_TOTAL_UNIQUE_TREASURE_DESC_27,전용 보물 {1} 종류 수집
MISSION_TOTAL_UNIQUE_TREASURE_DESC_28,전용 보물 {1} 종류 수집
MISSION_TOTAL_UNIQUE_TREASURE_DESC_29,전용 보물 {1} 종류 수집
MISSION_TOTAL_UNIQUE_TREASURE_DESC_30,전용 보물 {1} 종류 수집
MISSION_TOTAL_UNIQUE_TREASURE_DESC_31,전용 보물 {1} 종류 수집
MISSION_TOTAL_UNIQUE_TREASURE_DESC_32,전용 보물 {1} 종류 수집
MISSION_TOTAL_UNIQUE_TREASURE_DESC_33,전용 보물 {1} 종류 수집
MISSION_TOTAL_UNIQUE_TREASURE_DESC_34,전용 보물 {1} 종류 수집
MISSION_TOTAL_UNIQUE_TREASURE_DESC_35,전용 보물 {1} 종류 수집
MISSION_TOTAL_UNIQUE_TREASURE_DESC_36,전용 보물 {1} 종류 수집
MISSION_TOTAL_UNIQUE_TREASURE_DESC_37,전용 보물 {1} 종류 수집
MISSION_TOTAL_UNIQUE_TREASURE_DESC_38,전용 보물 {1} 종류 수집
MISSION_TOTAL_UNIQUE_TREASURE_DESC_39,전용 보물 {1} 종류 수집
MISSION_TOTAL_UNIQUE_TREASURE_DESC_40,전용 보물 {1} 종류 수집
MISSION_TOTAL_UNIQUE_TREASURE_DESC_41,전용 보물 {1} 종류 수집
MISSION_TOTAL_UNIQUE_TREASURE_DESC_42,전용 보물 {1} 종류 수집
MISSION_TOTAL_UNIQUE_TREASURE_DESC_43,전용 보물 {1} 종류 수집
MISSION_TOTAL_UNIQUE_TREASURE_DESC_44,전용 보물 {1} 종류 수집
MISSION_TOTAL_UNIQUE_TREASURE_DESC_45,전용 보물 {1} 종류 수집
MISSION_TOTAL_UNIQUE_TREASURE_DESC_46,전용 보물 {1} 종류 수집
MISSION_TOTAL_UNIQUE_TREASURE_DESC_47,전용 보물 {1} 종류 수집
MISSION_TOTAL_UNIQUE_TREASURE_DESC_48,전용 보물 {1} 종류 수집
MISSION_TOTAL_UNIQUE_TREASURE_DESC_49,전용 보물 {1} 종류 수집
MISSION_TOTAL_UNIQUE_TREASURE_DESC_50,전용 보물 {1} 종류 수집
MISSION_TOTAL_UNIQUE_TREASURE_DESC_51,전용 보물 {1} 종류 수집
MISSION_TOTAL_UNIQUE_TREASURE_DESC_52,전용 보물 {1} 종류 수집
MISSION_TOTAL_UNIQUE_TREASURE_DESC_53,전용 보물 {1} 종류 수집
MISSION_TOTAL_UNIQUE_TREASURE_DESC_54,전용 보물 {1} 종류 수집
MISSION_TOTAL_UNIQUE_TREASURE_DESC_55,전용 보물 {1} 종류 수집
MISSION_TOTAL_UNIQUE_TREASURE_DESC_56,전용 보물 {1} 종류 수집
MISSION_TOTAL_UNIQUE_TREASURE_DESC_57,전용 보물 {1} 종류 수집
MISSION_TOTAL_UNIQUE_TREASURE_DESC_58,전용 보물 {1} 종류 수집
MISSION_TOTAL_UNIQUE_TREASURE_DESC_59,전용 보물 {1} 종류 수집
MISSION_TOTAL_UNIQUE_TREASURE_DESC_60,전용 보물 {1} 종류 수집
MISSION_TOTAL_UNIQUE_TREASURE_DESC_61,전용 보물 {1} 종류 수집
MISSION_TOTAL_UNIQUE_TREASURE_DESC_62,전용 보물 {1} 종류 수집
MISSION_TOTAL_UNIQUE_TREASURE_DESC_63,전용 보물 {1} 종류 수집
MISSION_TOTAL_UNIQUE_TREASURE_DESC_64,전용 보물 {1} 종류 수집
MISSION_TOTAL_UNIQUE_TREASURE_DESC_65,전용 보물 {1} 종류 수집
MISSION_TOTAL_UNIQUE_TREASURE_DESC_66,전용 보물 {1} 종류 수집
MISSION_TOTAL_UNIQUE_TREASURE_DESC_67,전용 보물 {1} 종류 수집
MISSION_TOTAL_UNIQUE_TREASURE_DESC_68,전용 보물 {1} 종류 수집
MISSION_TOTAL_UNIQUE_TREASURE_DESC_69,전용 보물 {1} 종류 수집
MISSION_TOTAL_UNIQUE_TREASURE_DESC_70,전용 보물 {1} 종류 수집
MISSION_TOTAL_UNIQUE_TREASURE_DESC_71,전용 보물 {1} 종류 수집
MISSION_TOTAL_UNIQUE_TREASURE_DESC_72,전용 보물 {1} 종류 수집
MISSION_TOTAL_UNIQUE_TREASURE_DESC_73,전용 보물 {1} 종류 수집
MISSION_TOTAL_UNIQUE_TREASURE_DESC_74,전용 보물 {1} 종류 수집
MISSION_TOTAL_UNIQUE_TREASURE_DESC_75,전용 보물 {1} 종류 수집
MISSION_TOTAL_UNIQUE_TREASURE_DESC_76,전용 보물 {1} 종류 수집
MISSION_TOTAL_UNIQUE_TREASURE_DESC_77,전용 보물 {1} 종류 수집
MISSION_TOTAL_UNIQUE_TREASURE_DESC_78,전용 보물 {1} 종류 수집
MISSION_TOTAL_UNIQUE_TREASURE_DESC_79,전용 보물 {1} 종류 수집
MISSION_TOTAL_UNIQUE_TREASURE_DESC_80,전용 보물 {1} 종류 수집
MISSION_TOTAL_UNIQUE_TREASURE_DESC_81,전용 보물 {1} 종류 수집
MISSION_TOTAL_UNIQUE_TREASURE_DESC_82,전용 보물 {1} 종류 수집
MISSION_TOTAL_UNIQUE_TREASURE_DESC_83,전용 보물 {1} 종류 수집
MISSION_TOTAL_UNIQUE_TREASURE_DESC_84,전용 보물 {1} 종류 수집
MISSION_TOTAL_UNIQUE_TREASURE_DESC_85,전용 보물 {1} 종류 수집
MISSION_TOTAL_UNIQUE_TREASURE_DESC_86,전용 보물 {1} 종류 수집
MISSION_TOTAL_UNIQUE_TREASURE_DESC_87,전용 보물 {1} 종류 수집
MISSION_TOTAL_UNIQUE_TREASURE_DESC_88,전용 보물 {1} 종류 수집
MISSION_TOTAL_UNIQUE_TREASURE_DESC_89,전용 보물 {1} 종류 수집
MISSION_TOTAL_UNIQUE_TREASURE_DESC_90,전용 보물 {1} 종류 수집
MISSION_TOTAL_UNIQUE_TREASURE_DESC_91,전용 보물 {1} 종류 수집
MISSION_TOTAL_UNIQUE_TREASURE_DESC_92,전용 보물 {1} 종류 수집
MISSION_TOTAL_UNIQUE_TREASURE_DESC_93,전용 보물 {1} 종류 수집
MISSION_TOTAL_UNIQUE_TREASURE_DESC_94,전용 보물 {1} 종류 수집
MISSION_TOTAL_UNIQUE_TREASURE_DESC_95,전용 보물 {1} 종류 수집
MISSION_TOTAL_UNIQUE_TREASURE_DESC_96,전용 보물 {1} 종류 수집
MISSION_TOTAL_UNIQUE_TREASURE_DESC_97,전용 보물 {1} 종류 수집
MISSION_TOTAL_UNIQUE_TREASURE_DESC_98,전용 보물 {1} 종류 수집
MISSION_TOTAL_ARTIFACT_NAME_1,유물 발굴 전문가 {1}
MISSION_TOTAL_ARTIFACT_NAME_2,유물 발굴 전문가 {1}
MISSION_TOTAL_ARTIFACT_NAME_3,유물 발굴 전문가 {1}
MISSION_TOTAL_ARTIFACT_NAME_4,유물 발굴 전문가 {1}
MISSION_TOTAL_ARTIFACT_NAME_5,유물 발굴 전문가 {1}
MISSION_TOTAL_ARTIFACT_NAME_6,유물 발굴 전문가 {1}
MISSION_TOTAL_ARTIFACT_NAME_7,유물 발굴 전문가 {1}
MISSION_TOTAL_ARTIFACT_NAME_8,유물 발굴 전문가 {1}
MISSION_TOTAL_ARTIFACT_NAME_9,유물 발굴 전문가 {1}
MISSION_TOTAL_ARTIFACT_NAME_10,유물 발굴 전문가 {1}
MISSION_TOTAL_ARTIFACT_NAME_11,유물 발굴 전문가 {1}
MISSION_TOTAL_ARTIFACT_NAME_12,유물 발굴 전문가 {1}
MISSION_TOTAL_ARTIFACT_NAME_13,유물 발굴 전문가 {1}
MISSION_TOTAL_ARTIFACT_NAME_14,유물 발굴 전문가 {1}
MISSION_TOTAL_ARTIFACT_NAME_15,유물 발굴 전문가 {1}
MISSION_TOTAL_ARTIFACT_NAME_16,유물 발굴 전문가 {1}
MISSION_TOTAL_ARTIFACT_NAME_17,유물 발굴 전문가 {1}
MISSION_TOTAL_ARTIFACT_NAME_18,유물 발굴 전문가 {1}
MISSION_TOTAL_ARTIFACT_NAME_19,유물 발굴 전문가 {1}
MISSION_TOTAL_ARTIFACT_NAME_20,유물 발굴 전문가 {1}
MISSION_TOTAL_ARTIFACT_NAME_21,유물 발굴 전문가 {1}
MISSION_TOTAL_ARTIFACT_NAME_22,유물 발굴 전문가 {1}
MISSION_TOTAL_ARTIFACT_NAME_23,유물 발굴 전문가 {1}
MISSION_TOTAL_ARTIFACT_NAME_24,유물 발굴 전문가 {1}
MISSION_TOTAL_ARTIFACT_NAME_25,유물 발굴 전문가 {1}
MISSION_TOTAL_ARTIFACT_NAME_26,유물 발굴 전문가 {1}
MISSION_TOTAL_ARTIFACT_NAME_27,유물 발굴 전문가 {1}
MISSION_TOTAL_ARTIFACT_NAME_28,유물 발굴 전문가 {1}
MISSION_TOTAL_ARTIFACT_NAME_29,유물 발굴 전문가 {1}
MISSION_TOTAL_ARTIFACT_NAME_30,유물 발굴 전문가 {1}
MISSION_TOTAL_ARTIFACT_NAME_31,유물 발굴 전문가 {1}
MISSION_TOTAL_ARTIFACT_DESC_1,유물 {1} 종류 수집
MISSION_TOTAL_ARTIFACT_DESC_2,유물 {1} 종류 수집
MISSION_TOTAL_ARTIFACT_DESC_3,유물 {1} 종류 수집
MISSION_TOTAL_ARTIFACT_DESC_4,유물 {1} 종류 수집
MISSION_TOTAL_ARTIFACT_DESC_5,유물 {1} 종류 수집
MISSION_TOTAL_ARTIFACT_DESC_6,유물 {1} 종류 수집
MISSION_TOTAL_ARTIFACT_DESC_7,유물 {1} 종류 수집
MISSION_TOTAL_ARTIFACT_DESC_8,유물 {1} 종류 수집
MISSION_TOTAL_ARTIFACT_DESC_9,유물 {1} 종류 수집
MISSION_TOTAL_ARTIFACT_DESC_10,유물 {1} 종류 수집
MISSION_TOTAL_ARTIFACT_DESC_11,유물 {1} 종류 수집
MISSION_TOTAL_ARTIFACT_DESC_12,유물 {1} 종류 수집
MISSION_TOTAL_ARTIFACT_DESC_13,유물 {1} 종류 수집
MISSION_TOTAL_ARTIFACT_DESC_14,유물 {1} 종류 수집
MISSION_TOTAL_ARTIFACT_DESC_15,유물 {1} 종류 수집
MISSION_TOTAL_ARTIFACT_DESC_16,유물 {1} 종류 수집
MISSION_TOTAL_ARTIFACT_DESC_17,유물 {1} 종류 수집
MISSION_TOTAL_ARTIFACT_DESC_18,유물 {1} 종류 수집
MISSION_TOTAL_ARTIFACT_DESC_19,유물 {1} 종류 수집
MISSION_TOTAL_ARTIFACT_DESC_20,유물 {1} 종류 수집
MISSION_TOTAL_ARTIFACT_DESC_21,유물 {1} 종류 수집
MISSION_TOTAL_ARTIFACT_DESC_22,유물 {1} 종류 수집
MISSION_TOTAL_ARTIFACT_DESC_23,유물 {1} 종류 수집
MISSION_TOTAL_ARTIFACT_DESC_24,유물 {1} 종류 수집
MISSION_TOTAL_ARTIFACT_DESC_25,유물 {1} 종류 수집
MISSION_TOTAL_ARTIFACT_DESC_26,유물 {1} 종류 수집
MISSION_TOTAL_ARTIFACT_DESC_27,유물 {1} 종류 수집
MISSION_TOTAL_ARTIFACT_DESC_28,유물 {1} 종류 수집
MISSION_TOTAL_ARTIFACT_DESC_29,유물 {1} 종류 수집
MISSION_TOTAL_ARTIFACT_DESC_30,유물 {1} 종류 수집
MISSION_TOTAL_ARTIFACT_DESC_31,유물 {1} 종류 수집
MISSION_TOTAL_EQUIPMENT_NAME_1,쓸 만한 장비를 얻다 {1}
MISSION_TOTAL_EQUIPMENT_NAME_2,쓸 만한 장비를 얻다 {1}
MISSION_TOTAL_EQUIPMENT_NAME_3,쓸 만한 장비를 얻다 {1}
MISSION_TOTAL_EQUIPMENT_NAME_4,쓸 만한 장비를 얻다 {1}
MISSION_TOTAL_EQUIPMENT_NAME_5,쓸 만한 장비를 얻다 {1}
MISSION_TOTAL_EQUIPMENT_NAME_6,쓸 만한 장비를 얻다 {1}
MISSION_TOTAL_EQUIPMENT_NAME_7,쓸 만한 장비를 얻다 {1}
MISSION_TOTAL_EQUIPMENT_NAME_8,쓸 만한 장비를 얻다 {1}
MISSION_TOTAL_EQUIPMENT_NAME_9,쓸 만한 장비를 얻다 {1}
MISSION_TOTAL_EQUIPMENT_NAME_10,쓸 만한 장비를 얻다 {1}
MISSION_TOTAL_EQUIPMENT_NAME_11,쓸 만한 장비를 얻다 {1}
MISSION_TOTAL_EQUIPMENT_NAME_12,쓸 만한 장비를 얻다 {1}
MISSION_TOTAL_EQUIPMENT_NAME_13,쓸 만한 장비를 얻다 {1}
MISSION_TOTAL_EQUIPMENT_NAME_14,쓸 만한 장비를 얻다 {1}
MISSION_TOTAL_EQUIPMENT_NAME_15,쓸 만한 장비를 얻다 {1}
MISSION_TOTAL_EQUIPMENT_NAME_16,쓸 만한 장비를 얻다 {1}
MISSION_TOTAL_EQUIPMENT_NAME_17,쓸 만한 장비를 얻다 {1}
MISSION_TOTAL_EQUIPMENT_NAME_18,쓸 만한 장비를 얻다 {1}
MISSION_TOTAL_EQUIPMENT_NAME_19,쓸 만한 장비를 얻다 {1}
MISSION_TOTAL_EQUIPMENT_NAME_20,쓸 만한 장비를 얻다 {1}
MISSION_TOTAL_EQUIPMENT_NAME_21,쓸 만한 장비를 얻다 {1}
MISSION_TOTAL_EQUIPMENT_NAME_22,쓸 만한 장비를 얻다 {1}
MISSION_TOTAL_EQUIPMENT_NAME_23,쓸 만한 장비를 얻다 {1}
MISSION_TOTAL_EQUIPMENT_NAME_24,쓸 만한 장비를 얻다 {1}
MISSION_TOTAL_EQUIPMENT_NAME_25,쓸 만한 장비를 얻다 {1}
MISSION_TOTAL_EQUIPMENT_NAME_26,쓸 만한 장비를 얻다 {1}
MISSION_TOTAL_EQUIPMENT_NAME_27,쓸 만한 장비를 얻다 {1}
MISSION_TOTAL_EQUIPMENT_NAME_28,쓸 만한 장비를 얻다 {1}
MISSION_TOTAL_EQUIPMENT_NAME_29,쓸 만한 장비를 얻다 {1}
MISSION_TOTAL_EQUIPMENT_NAME_30,쓸 만한 장비를 얻다 {1}
MISSION_TOTAL_EQUIPMENT_NAME_31,쓸 만한 장비를 얻다 {1}
MISSION_TOTAL_EQUIPMENT_NAME_32,쓸 만한 장비를 얻다 {1}
MISSION_TOTAL_EQUIPMENT_NAME_33,쓸 만한 장비를 얻다 {1}
MISSION_TOTAL_EQUIPMENT_NAME_34,쓸 만한 장비를 얻다 {1}
MISSION_TOTAL_EQUIPMENT_NAME_35,쓸 만한 장비를 얻다 {1}
MISSION_TOTAL_EQUIPMENT_NAME_36,쓸 만한 장비를 얻다 {1}
MISSION_TOTAL_EQUIPMENT_NAME_37,쓸 만한 장비를 얻다 {1}
MISSION_TOTAL_EQUIPMENT_NAME_38,쓸 만한 장비를 얻다 {1}
MISSION_TOTAL_EQUIPMENT_NAME_39,쓸 만한 장비를 얻다 {1}
MISSION_TOTAL_EQUIPMENT_NAME_40,쓸 만한 장비를 얻다 {1}
MISSION_TOTAL_EQUIPMENT_NAME_41,쓸 만한 장비를 얻다 {1}
MISSION_TOTAL_EQUIPMENT_NAME_42,쓸 만한 장비를 얻다 {1}
MISSION_TOTAL_EQUIPMENT_NAME_43,쓸 만한 장비를 얻다 {1}
MISSION_TOTAL_EQUIPMENT_NAME_44,쓸 만한 장비를 얻다 {1}
MISSION_TOTAL_EQUIPMENT_NAME_45,쓸 만한 장비를 얻다 {1}
MISSION_TOTAL_EQUIPMENT_NAME_46,쓸 만한 장비를 얻다 {1}
MISSION_TOTAL_EQUIPMENT_DESC_1,일반 장비 아이템 {1} 종류 수집
MISSION_TOTAL_EQUIPMENT_DESC_2,일반 장비 아이템 {1} 종류 수집
MISSION_TOTAL_EQUIPMENT_DESC_3,일반 장비 아이템 {1} 종류 수집
MISSION_TOTAL_EQUIPMENT_DESC_4,일반 장비 아이템 {1} 종류 수집
MISSION_TOTAL_EQUIPMENT_DESC_5,일반 장비 아이템 {1} 종류 수집
MISSION_TOTAL_EQUIPMENT_DESC_6,일반 장비 아이템 {1} 종류 수집
MISSION_TOTAL_EQUIPMENT_DESC_7,일반 장비 아이템 {1} 종류 수집
MISSION_TOTAL_EQUIPMENT_DESC_8,일반 장비 아이템 {1} 종류 수집
MISSION_TOTAL_EQUIPMENT_DESC_9,일반 장비 아이템 {1} 종류 수집
MISSION_TOTAL_EQUIPMENT_DESC_10,일반 장비 아이템 {1} 종류 수집
MISSION_TOTAL_EQUIPMENT_DESC_11,일반 장비 아이템 {1} 종류 수집
MISSION_TOTAL_EQUIPMENT_DESC_12,일반 장비 아이템 {1} 종류 수집
MISSION_TOTAL_EQUIPMENT_DESC_13,일반 장비 아이템 {1} 종류 수집
MISSION_TOTAL_EQUIPMENT_DESC_14,일반 장비 아이템 {1} 종류 수집
MISSION_TOTAL_EQUIPMENT_DESC_15,일반 장비 아이템 {1} 종류 수집
MISSION_TOTAL_EQUIPMENT_DESC_16,일반 장비 아이템 {1} 종류 수집
MISSION_TOTAL_EQUIPMENT_DESC_17,일반 장비 아이템 {1} 종류 수집
MISSION_TOTAL_EQUIPMENT_DESC_18,일반 장비 아이템 {1} 종류 수집
MISSION_TOTAL_EQUIPMENT_DESC_19,일반 장비 아이템 {1} 종류 수집
MISSION_TOTAL_EQUIPMENT_DESC_20,일반 장비 아이템 {1} 종류 수집
MISSION_TOTAL_EQUIPMENT_DESC_21,일반 장비 아이템 {1} 종류 수집
MISSION_TOTAL_EQUIPMENT_DESC_22,일반 장비 아이템 {1} 종류 수집
MISSION_TOTAL_EQUIPMENT_DESC_23,일반 장비 아이템 {1} 종류 수집
MISSION_TOTAL_EQUIPMENT_DESC_24,일반 장비 아이템 {1} 종류 수집
MISSION_TOTAL_EQUIPMENT_DESC_25,일반 장비 아이템 {1} 종류 수집
MISSION_TOTAL_EQUIPMENT_DESC_26,일반 장비 아이템 {1} 종류 수집
MISSION_TOTAL_EQUIPMENT_DESC_27,일반 장비 아이템 {1} 종류 수집
MISSION_TOTAL_EQUIPMENT_DESC_28,일반 장비 아이템 {1} 종류 수집
MISSION_TOTAL_EQUIPMENT_DESC_29,일반 장비 아이템 {1} 종류 수집
MISSION_TOTAL_EQUIPMENT_DESC_30,일반 장비 아이템 {1} 종류 수집
MISSION_TOTAL_EQUIPMENT_DESC_31,일반 장비 아이템 {1} 종류 수집
MISSION_TOTAL_EQUIPMENT_DESC_32,일반 장비 아이템 {1} 종류 수집
MISSION_TOTAL_EQUIPMENT_DESC_33,일반 장비 아이템 {1} 종류 수집
MISSION_TOTAL_EQUIPMENT_DESC_34,일반 장비 아이템 {1} 종류 수집
MISSION_TOTAL_EQUIPMENT_DESC_35,일반 장비 아이템 {1} 종류 수집
MISSION_TOTAL_EQUIPMENT_DESC_36,일반 장비 아이템 {1} 종류 수집
MISSION_TOTAL_EQUIPMENT_DESC_37,일반 장비 아이템 {1} 종류 수집
MISSION_TOTAL_EQUIPMENT_DESC_38,일반 장비 아이템 {1} 종류 수집
MISSION_TOTAL_EQUIPMENT_DESC_39,일반 장비 아이템 {1} 종류 수집
MISSION_TOTAL_EQUIPMENT_DESC_40,일반 장비 아이템 {1} 종류 수집
MISSION_TOTAL_EQUIPMENT_DESC_41,일반 장비 아이템 {1} 종류 수집
MISSION_TOTAL_EQUIPMENT_DESC_42,일반 장비 아이템 {1} 종류 수집
MISSION_TOTAL_EQUIPMENT_DESC_43,일반 장비 아이템 {1} 종류 수집
MISSION_TOTAL_EQUIPMENT_DESC_44,일반 장비 아이템 {1} 종류 수집
MISSION_TOTAL_EQUIPMENT_DESC_45,일반 장비 아이템 {1} 종류 수집
MISSION_TOTAL_EQUIPMENT_DESC_46,일반 장비 아이템 {1} 종류 수집
MISSION_TOTAL_NORMAL_ITEM_NAME_1,쓸모가 있을지도 모르는 아이템 {1}
MISSION_TOTAL_NORMAL_ITEM_NAME_2,쓸모가 있을지도 모르는 아이템 {1}
MISSION_TOTAL_NORMAL_ITEM_NAME_3,쓸모가 있을지도 모르는 아이템 {1}
MISSION_TOTAL_NORMAL_ITEM_NAME_4,쓸모가 있을지도 모르는 아이템 {1}
MISSION_TOTAL_NORMAL_ITEM_NAME_5,쓸모가 있을지도 모르는 아이템 {1}
MISSION_TOTAL_NORMAL_ITEM_NAME_6,쓸모가 있을지도 모르는 아이템 {1}
MISSION_TOTAL_NORMAL_ITEM_NAME_7,쓸모가 있을지도 모르는 아이템 {1}
MISSION_TOTAL_NORMAL_ITEM_NAME_8,쓸모가 있을지도 모르는 아이템 {1}
MISSION_TOTAL_NORMAL_ITEM_NAME_9,쓸모가 있을지도 모르는 아이템 {1}
MISSION_TOTAL_NORMAL_ITEM_NAME_10,쓸모가 있을지도 모르는 아이템 {1}
MISSION_TOTAL_NORMAL_ITEM_NAME_11,쓸모가 있을지도 모르는 아이템 {1}
MISSION_TOTAL_NORMAL_ITEM_NAME_12,쓸모가 있을지도 모르는 아이템 {1}
MISSION_TOTAL_NORMAL_ITEM_NAME_13,쓸모가 있을지도 모르는 아이템 {1}
MISSION_TOTAL_NORMAL_ITEM_NAME_14,쓸모가 있을지도 모르는 아이템 {1}
MISSION_TOTAL_NORMAL_ITEM_NAME_15,쓸모가 있을지도 모르는 아이템 {1}
MISSION_TOTAL_NORMAL_ITEM_NAME_16,쓸모가 있을지도 모르는 아이템 {1}
MISSION_TOTAL_NORMAL_ITEM_NAME_17,쓸모가 있을지도 모르는 아이템 {1}
MISSION_TOTAL_NORMAL_ITEM_NAME_18,쓸모가 있을지도 모르는 아이템 {1}
MISSION_TOTAL_NORMAL_ITEM_NAME_19,쓸모가 있을지도 모르는 아이템 {1}
MISSION_TOTAL_NORMAL_ITEM_NAME_20,쓸모가 있을지도 모르는 아이템 {1}
MISSION_TOTAL_NORMAL_ITEM_NAME_21,쓸모가 있을지도 모르는 아이템 {1}
MISSION_TOTAL_NORMAL_ITEM_NAME_22,쓸모가 있을지도 모르는 아이템 {1}
MISSION_TOTAL_NORMAL_ITEM_NAME_23,쓸모가 있을지도 모르는 아이템 {1}
MISSION_TOTAL_NORMAL_ITEM_NAME_24,쓸모가 있을지도 모르는 아이템 {1}
MISSION_TOTAL_NORMAL_ITEM_NAME_25,쓸모가 있을지도 모르는 아이템 {1}
MISSION_TOTAL_NORMAL_ITEM_NAME_26,쓸모가 있을지도 모르는 아이템 {1}
MISSION_TOTAL_NORMAL_ITEM_NAME_27,쓸모가 있을지도 모르는 아이템 {1}
MISSION_TOTAL_NORMAL_ITEM_NAME_28,쓸모가 있을지도 모르는 아이템 {1}
MISSION_TOTAL_NORMAL_ITEM_NAME_29,쓸모가 있을지도 모르는 아이템 {1}
MISSION_TOTAL_NORMAL_ITEM_NAME_30,쓸모가 있을지도 모르는 아이템 {1}
MISSION_TOTAL_NORMAL_ITEM_NAME_31,쓸모가 있을지도 모르는 아이템 {1}
MISSION_TOTAL_NORMAL_ITEM_NAME_32,쓸모가 있을지도 모르는 아이템 {1}
MISSION_TOTAL_NORMAL_ITEM_NAME_33,쓸모가 있을지도 모르는 아이템 {1}
MISSION_TOTAL_NORMAL_ITEM_NAME_34,쓸모가 있을지도 모르는 아이템 {1}
MISSION_TOTAL_NORMAL_ITEM_NAME_35,쓸모가 있을지도 모르는 아이템 {1}
MISSION_TOTAL_NORMAL_ITEM_DESC_1,일반 아이템 {1} 종류 수집
MISSION_TOTAL_NORMAL_ITEM_DESC_2,일반 아이템 {1} 종류 수집
MISSION_TOTAL_NORMAL_ITEM_DESC_3,일반 아이템 {1} 종류 수집
MISSION_TOTAL_NORMAL_ITEM_DESC_4,일반 아이템 {1} 종류 수집
MISSION_TOTAL_NORMAL_ITEM_DESC_5,일반 아이템 {1} 종류 수집
MISSION_TOTAL_NORMAL_ITEM_DESC_6,일반 아이템 {1} 종류 수집
MISSION_TOTAL_NORMAL_ITEM_DESC_7,일반 아이템 {1} 종류 수집
MISSION_TOTAL_NORMAL_ITEM_DESC_8,일반 아이템 {1} 종류 수집
MISSION_TOTAL_NORMAL_ITEM_DESC_9,일반 아이템 {1} 종류 수집
MISSION_TOTAL_NORMAL_ITEM_DESC_10,일반 아이템 {1} 종류 수집
MISSION_TOTAL_NORMAL_ITEM_DESC_11,일반 아이템 {1} 종류 수집
MISSION_TOTAL_NORMAL_ITEM_DESC_12,일반 아이템 {1} 종류 수집
MISSION_TOTAL_NORMAL_ITEM_DESC_13,일반 아이템 {1} 종류 수집
MISSION_TOTAL_NORMAL_ITEM_DESC_14,일반 아이템 {1} 종류 수집
MISSION_TOTAL_NORMAL_ITEM_DESC_15,일반 아이템 {1} 종류 수집
MISSION_TOTAL_NORMAL_ITEM_DESC_16,일반 아이템 {1} 종류 수집
MISSION_TOTAL_NORMAL_ITEM_DESC_17,일반 아이템 {1} 종류 수집
MISSION_TOTAL_NORMAL_ITEM_DESC_18,일반 아이템 {1} 종류 수집
MISSION_TOTAL_NORMAL_ITEM_DESC_19,일반 아이템 {1} 종류 수집
MISSION_TOTAL_NORMAL_ITEM_DESC_20,일반 아이템 {1} 종류 수집
MISSION_TOTAL_NORMAL_ITEM_DESC_21,일반 아이템 {1} 종류 수집
MISSION_TOTAL_NORMAL_ITEM_DESC_22,일반 아이템 {1} 종류 수집
MISSION_TOTAL_NORMAL_ITEM_DESC_23,일반 아이템 {1} 종류 수집
MISSION_TOTAL_NORMAL_ITEM_DESC_24,일반 아이템 {1} 종류 수집
MISSION_TOTAL_NORMAL_ITEM_DESC_25,일반 아이템 {1} 종류 수집
MISSION_TOTAL_NORMAL_ITEM_DESC_26,일반 아이템 {1} 종류 수집
MISSION_TOTAL_NORMAL_ITEM_DESC_27,일반 아이템 {1} 종류 수집
MISSION_TOTAL_NORMAL_ITEM_DESC_28,일반 아이템 {1} 종류 수집
MISSION_TOTAL_NORMAL_ITEM_DESC_29,일반 아이템 {1} 종류 수집
MISSION_TOTAL_NORMAL_ITEM_DESC_30,일반 아이템 {1} 종류 수집
MISSION_TOTAL_NORMAL_ITEM_DESC_31,일반 아이템 {1} 종류 수집
MISSION_TOTAL_NORMAL_ITEM_DESC_32,일반 아이템 {1} 종류 수집
MISSION_TOTAL_NORMAL_ITEM_DESC_33,일반 아이템 {1} 종류 수집
MISSION_TOTAL_NORMAL_ITEM_DESC_34,일반 아이템 {1} 종류 수집
MISSION_TOTAL_NORMAL_ITEM_DESC_35,일반 아이템 {1} 종류 수집
MISSION_JOIN_SUPPRESS_NAME_1,백지장도 맞들면 낫다! {1}
MISSION_JOIN_SUPPRESS_NAME_2,백지장도 맞들면 낫다! {1}
MISSION_JOIN_SUPPRESS_NAME_3,백지장도 맞들면 낫다! {1}
MISSION_JOIN_SUPPRESS_NAME_4,백지장도 맞들면 낫다! {1}
MISSION_JOIN_SUPPRESS_NAME_5,백지장도 맞들면 낫다! {1}
MISSION_JOIN_SUPPRESS_NAME_6,백지장도 맞들면 낫다! {1}
MISSION_JOIN_SUPPRESS_NAME_7,백지장도 맞들면 낫다! {1}
MISSION_JOIN_SUPPRESS_NAME_8,백지장도 맞들면 낫다! {1}
MISSION_JOIN_SUPPRESS_NAME_9,백지장도 맞들면 낫다! {1}
MISSION_JOIN_SUPPRESS_NAME_10,백지장도 맞들면 낫다! {1}
MISSION_JOIN_SUPPRESS_NAME_11,백지장도 맞들면 낫다! {1}
MISSION_JOIN_SUPPRESS_NAME_12,백지장도 맞들면 낫다! {1}
MISSION_JOIN_SUPPRESS_NAME_13,백지장도 맞들면 낫다! {1}
MISSION_JOIN_SUPPRESS_NAME_14,백지장도 맞들면 낫다! {1}
MISSION_JOIN_SUPPRESS_NAME_15,백지장도 맞들면 낫다! {1}
MISSION_JOIN_SUPPRESS_NAME_16,백지장도 맞들면 낫다! {1}
MISSION_JOIN_SUPPRESS_NAME_17,백지장도 맞들면 낫다! {1}
MISSION_JOIN_SUPPRESS_NAME_18,백지장도 맞들면 낫다! {1}
MISSION_JOIN_SUPPRESS_NAME_19,백지장도 맞들면 낫다! {1}
MISSION_JOIN_SUPPRESS_NAME_20,백지장도 맞들면 낫다! {1}
MISSION_JOIN_SUPPRESS_NAME_21,백지장도 맞들면 낫다! {1}
MISSION_JOIN_SUPPRESS_NAME_22,백지장도 맞들면 낫다! {1}
MISSION_JOIN_SUPPRESS_NAME_23,백지장도 맞들면 낫다! {1}
MISSION_JOIN_SUPPRESS_NAME_24,백지장도 맞들면 낫다! {1}
MISSION_JOIN_SUPPRESS_NAME_25,백지장도 맞들면 낫다! {1}
MISSION_JOIN_SUPPRESS_NAME_26,백지장도 맞들면 낫다! {1}
MISSION_JOIN_SUPPRESS_NAME_27,백지장도 맞들면 낫다! {1}
MISSION_JOIN_SUPPRESS_NAME_28,백지장도 맞들면 낫다! {1}
MISSION_JOIN_SUPPRESS_NAME_29,백지장도 맞들면 낫다! {1}
MISSION_JOIN_SUPPRESS_NAME_30,백지장도 맞들면 낫다! {1}
MISSION_JOIN_SUPPRESS_NAME_31,백지장도 맞들면 낫다! {1}
MISSION_JOIN_SUPPRESS_NAME_32,백지장도 맞들면 낫다! {1}
MISSION_JOIN_SUPPRESS_NAME_33,백지장도 맞들면 낫다! {1}
MISSION_JOIN_SUPPRESS_NAME_34,백지장도 맞들면 낫다! {1}
MISSION_JOIN_SUPPRESS_NAME_35,백지장도 맞들면 낫다! {1}
MISSION_JOIN_SUPPRESS_DESC_1,길드 토벌전 전투 {1}회 참여
MISSION_JOIN_SUPPRESS_DESC_2,길드 토벌전 전투 {1}회 참여
MISSION_JOIN_SUPPRESS_DESC_3,길드 토벌전 전투 {1}회 참여
MISSION_JOIN_SUPPRESS_DESC_4,길드 토벌전 전투 {1}회 참여
MISSION_JOIN_SUPPRESS_DESC_5,길드 토벌전 전투 {1}회 참여
MISSION_JOIN_SUPPRESS_DESC_6,길드 토벌전 전투 {1}회 참여
MISSION_JOIN_SUPPRESS_DESC_7,길드 토벌전 전투 {1}회 참여
MISSION_JOIN_SUPPRESS_DESC_8,길드 토벌전 전투 {1}회 참여
MISSION_JOIN_SUPPRESS_DESC_9,길드 토벌전 전투 {1}회 참여
MISSION_JOIN_SUPPRESS_DESC_10,길드 토벌전 전투 {1}회 참여
MISSION_JOIN_SUPPRESS_DESC_11,길드 토벌전 전투 {1}회 참여
MISSION_JOIN_SUPPRESS_DESC_12,길드 토벌전 전투 {1}회 참여
MISSION_JOIN_SUPPRESS_DESC_13,길드 토벌전 전투 {1}회 참여
MISSION_JOIN_SUPPRESS_DESC_14,길드 토벌전 전투 {1}회 참여
MISSION_JOIN_SUPPRESS_DESC_15,길드 토벌전 전투 {1}회 참여
MISSION_JOIN_SUPPRESS_DESC_16,길드 토벌전 전투 {1}회 참여
MISSION_JOIN_SUPPRESS_DESC_17,길드 토벌전 전투 {1}회 참여
MISSION_JOIN_SUPPRESS_DESC_18,길드 토벌전 전투 {1}회 참여
MISSION_JOIN_SUPPRESS_DESC_19,길드 토벌전 전투 {1}회 참여
MISSION_JOIN_SUPPRESS_DESC_20,길드 토벌전 전투 {1}회 참여
MISSION_JOIN_SUPPRESS_DESC_21,길드 토벌전 전투 {1}회 참여
MISSION_JOIN_SUPPRESS_DESC_22,길드 토벌전 전투 {1}회 참여
MISSION_JOIN_SUPPRESS_DESC_23,길드 토벌전 전투 {1}회 참여
MISSION_JOIN_SUPPRESS_DESC_24,길드 토벌전 전투 {1}회 참여
MISSION_JOIN_SUPPRESS_DESC_25,길드 토벌전 전투 {1}회 참여
MISSION_JOIN_SUPPRESS_DESC_26,길드 토벌전 전투 {1}회 참여
MISSION_JOIN_SUPPRESS_DESC_27,길드 토벌전 전투 {1}회 참여
MISSION_JOIN_SUPPRESS_DESC_28,길드 토벌전 전투 {1}회 참여
MISSION_JOIN_SUPPRESS_DESC_29,길드 토벌전 전투 {1}회 참여
MISSION_JOIN_SUPPRESS_DESC_30,길드 토벌전 전투 {1}회 참여
MISSION_JOIN_SUPPRESS_DESC_31,길드 토벌전 전투 {1}회 참여
MISSION_JOIN_SUPPRESS_DESC_32,길드 토벌전 전투 {1}회 참여
MISSION_JOIN_SUPPRESS_DESC_33,길드 토벌전 전투 {1}회 참여
MISSION_JOIN_SUPPRESS_DESC_34,길드 토벌전 전투 {1}회 참여
MISSION_JOIN_SUPPRESS_DESC_35,길드 토벌전 전투 {1}회 참여
MISSION_WIN_SUPPRESS_NAME_1,우리가 최강의 길드! {1}
MISSION_WIN_SUPPRESS_NAME_2,우리가 최강의 길드! {1}
MISSION_WIN_SUPPRESS_NAME_3,우리가 최강의 길드! {1}
MISSION_WIN_SUPPRESS_NAME_4,우리가 최강의 길드! {1}
MISSION_WIN_SUPPRESS_NAME_5,우리가 최강의 길드! {1}
MISSION_WIN_SUPPRESS_NAME_6,우리가 최강의 길드! {1}
MISSION_WIN_SUPPRESS_NAME_7,우리가 최강의 길드! {1}
MISSION_WIN_SUPPRESS_NAME_8,우리가 최강의 길드! {1}
MISSION_WIN_SUPPRESS_NAME_9,우리가 최강의 길드! {1}
MISSION_WIN_SUPPRESS_NAME_10,우리가 최강의 길드! {1}
MISSION_WIN_SUPPRESS_NAME_11,우리가 최강의 길드! {1}
MISSION_WIN_SUPPRESS_NAME_12,우리가 최강의 길드! {1}
MISSION_WIN_SUPPRESS_NAME_13,우리가 최강의 길드! {1}
MISSION_WIN_SUPPRESS_NAME_14,우리가 최강의 길드! {1}
MISSION_WIN_SUPPRESS_NAME_15,우리가 최강의 길드! {1}
MISSION_WIN_SUPPRESS_NAME_16,우리가 최강의 길드! {1}
MISSION_WIN_SUPPRESS_NAME_17,우리가 최강의 길드! {1}
MISSION_WIN_SUPPRESS_NAME_18,우리가 최강의 길드! {1}
MISSION_WIN_SUPPRESS_NAME_19,우리가 최강의 길드! {1}
MISSION_WIN_SUPPRESS_NAME_20,우리가 최강의 길드! {1}
MISSION_WIN_SUPPRESS_NAME_21,우리가 최강의 길드! {1}
MISSION_WIN_SUPPRESS_NAME_22,우리가 최강의 길드! {1}
MISSION_WIN_SUPPRESS_NAME_23,우리가 최강의 길드! {1}
MISSION_WIN_SUPPRESS_NAME_24,우리가 최강의 길드! {1}
MISSION_WIN_SUPPRESS_NAME_25,우리가 최강의 길드! {1}
MISSION_WIN_SUPPRESS_NAME_26,우리가 최강의 길드! {1}
MISSION_WIN_SUPPRESS_NAME_27,우리가 최강의 길드! {1}
MISSION_WIN_SUPPRESS_NAME_28,우리가 최강의 길드! {1}
MISSION_WIN_SUPPRESS_NAME_29,우리가 최강의 길드! {1}
MISSION_WIN_SUPPRESS_NAME_30,우리가 최강의 길드! {1}
MISSION_WIN_SUPPRESS_NAME_31,우리가 최강의 길드! {1}
MISSION_WIN_SUPPRESS_NAME_32,우리가 최강의 길드! {1}
MISSION_WIN_SUPPRESS_NAME_33,우리가 최강의 길드! {1}
MISSION_WIN_SUPPRESS_NAME_34,우리가 최강의 길드! {1}
MISSION_WIN_SUPPRESS_NAME_35,우리가 최강의 길드! {1}
MISSION_WIN_SUPPRESS_DESC_1,길드 토벌전에서 회차별 랭킹 1위 {1}회 달성
MISSION_WIN_SUPPRESS_DESC_2,길드 토벌전에서 회차별 랭킹 1위 {1}회 달성
MISSION_WIN_SUPPRESS_DESC_3,길드 토벌전에서 회차별 랭킹 1위 {1}회 달성
MISSION_WIN_SUPPRESS_DESC_4,길드 토벌전에서 회차별 랭킹 1위 {1}회 달성
MISSION_WIN_SUPPRESS_DESC_5,길드 토벌전에서 회차별 랭킹 1위 {1}회 달성
MISSION_WIN_SUPPRESS_DESC_6,길드 토벌전에서 회차별 랭킹 1위 {1}회 달성
MISSION_WIN_SUPPRESS_DESC_7,길드 토벌전에서 회차별 랭킹 1위 {1}회 달성
MISSION_WIN_SUPPRESS_DESC_8,길드 토벌전에서 회차별 랭킹 1위 {1}회 달성
MISSION_WIN_SUPPRESS_DESC_9,길드 토벌전에서 회차별 랭킹 1위 {1}회 달성
MISSION_WIN_SUPPRESS_DESC_10,길드 토벌전에서 회차별 랭킹 1위 {1}회 달성
MISSION_WIN_SUPPRESS_DESC_11,길드 토벌전에서 회차별 랭킹 1위 {1}회 달성
MISSION_WIN_SUPPRESS_DESC_12,길드 토벌전에서 회차별 랭킹 1위 {1}회 달성
MISSION_WIN_SUPPRESS_DESC_13,길드 토벌전에서 회차별 랭킹 1위 {1}회 달성
MISSION_WIN_SUPPRESS_DESC_14,길드 토벌전에서 회차별 랭킹 1위 {1}회 달성
MISSION_WIN_SUPPRESS_DESC_15,길드 토벌전에서 회차별 랭킹 1위 {1}회 달성
MISSION_WIN_SUPPRESS_DESC_16,길드 토벌전에서 회차별 랭킹 1위 {1}회 달성
MISSION_WIN_SUPPRESS_DESC_17,길드 토벌전에서 회차별 랭킹 1위 {1}회 달성
MISSION_WIN_SUPPRESS_DESC_18,길드 토벌전에서 회차별 랭킹 1위 {1}회 달성
MISSION_WIN_SUPPRESS_DESC_19,길드 토벌전에서 회차별 랭킹 1위 {1}회 달성
MISSION_WIN_SUPPRESS_DESC_20,길드 토벌전에서 회차별 랭킹 1위 {1}회 달성
MISSION_WIN_SUPPRESS_DESC_21,길드 토벌전에서 회차별 랭킹 1위 {1}회 달성
MISSION_WIN_SUPPRESS_DESC_22,길드 토벌전에서 회차별 랭킹 1위 {1}회 달성
MISSION_WIN_SUPPRESS_DESC_23,길드 토벌전에서 회차별 랭킹 1위 {1}회 달성
MISSION_WIN_SUPPRESS_DESC_24,길드 토벌전에서 회차별 랭킹 1위 {1}회 달성
MISSION_WIN_SUPPRESS_DESC_25,길드 토벌전에서 회차별 랭킹 1위 {1}회 달성
MISSION_WIN_SUPPRESS_DESC_26,길드 토벌전에서 회차별 랭킹 1위 {1}회 달성
MISSION_WIN_SUPPRESS_DESC_27,길드 토벌전에서 회차별 랭킹 1위 {1}회 달성
MISSION_WIN_SUPPRESS_DESC_28,길드 토벌전에서 회차별 랭킹 1위 {1}회 달성
MISSION_WIN_SUPPRESS_DESC_29,길드 토벌전에서 회차별 랭킹 1위 {1}회 달성
MISSION_WIN_SUPPRESS_DESC_30,길드 토벌전에서 회차별 랭킹 1위 {1}회 달성
MISSION_WIN_SUPPRESS_DESC_31,길드 토벌전에서 회차별 랭킹 1위 {1}회 달성
MISSION_WIN_SUPPRESS_DESC_32,길드 토벌전에서 회차별 랭킹 1위 {1}회 달성
MISSION_WIN_SUPPRESS_DESC_33,길드 토벌전에서 회차별 랭킹 1위 {1}회 달성
MISSION_WIN_SUPPRESS_DESC_34,길드 토벌전에서 회차별 랭킹 1위 {1}회 달성
MISSION_WIN_SUPPRESS_DESC_35,길드 토벌전에서 회차별 랭킹 1위 {1}회 달성
MISSION_MATCH_TIERINDEX11_NAME,승리의 리그 브론즈 티어 달성
MISSION_MATCH_TIERINDEX11_DESC,승리의 리그 브론즈 티어 달성
MISSION_MATCH_TIERINDEX21_NAME,승리의 리그 실버 티어 달성
MISSION_MATCH_TIERINDEX21_DESC,승리의 리그 실버 티어 달성
MISSION_MATCH_TIERINDEX31_NAME,승리의 리그 골드 티어 달성
MISSION_MATCH_TIERINDEX31_DESC,승리의 리그 골드 티어 달성
MISSION_MATCH_TIERINDEX41_NAME,승리의 리그 플래티넘 티어 달성
MISSION_MATCH_TIERINDEX41_DESC,승리의 리그 플래티넘 티어 달성
MISSION_MATCH_TIERINDEX51_NAME,승리의 리그 다이아몬드 티어 달성
MISSION_MATCH_TIERINDEX51_DESC,승리의 리그 다이아몬드 티어 달성
MISSION_MATCH_TIERINDEX60_NAME,승리의 리그 마스터 티어 달성
MISSION_MATCH_TIERINDEX60_DESC,승리의 리그 마스터 티어 달성
MISSION_MATCH_TIERINDEX70_NAME,승리의 리그 챌린저 티어 달성
MISSION_MATCH_TIERINDEX70_DESC,승리의 리그 챌린저 티어 달성
MISSION_ARENA_MATCH_FIRSTRANK_NAME,승리의 리그 결투장을 평정하다!
MISSION_ARENA_MATCH_FIRSTRANK_DESC,승리의 리그 시즌 챔피언 달성
MISSION_MATCH2_TIERINDEX11_NAME,영광의 리그 서버 티어 브론즈 달성
MISSION_MATCH2_TIERINDEX11_DESC,영광의 리그 서버 티어 브론즈 달성
MISSION_MATCH2_TIERINDEX21_NAME,영광의 리그 서버 티어 실버 달성
MISSION_MATCH2_TIERINDEX21_DESC,영광의 리그 서버 티어 실버 달성
MISSION_MATCH2_TIERINDEX31_NAME,영광의 리그 서버 티어 골드 달성
MISSION_MATCH2_TIERINDEX31_DESC,영광의 리그 서버 티어 골드 달성
MISSION_MATCH2_TIERINDEX41_NAME,영광의 리그 서버 티어 플래티넘 달성
MISSION_MATCH2_TIERINDEX41_DESC,영광의 리그 서버 티어 플래티넘 달성
MISSION_MATCH2_TIERINDEX51_NAME,영광의 리그 서버 티어 다이아몬드 달성
MISSION_MATCH2_TIERINDEX51_DESC,영광의 리그 서버 티어 다이아몬드 달성
MISSION_MATCH2_TIERINDEX60_NAME,영광의 리그 서버 티어 마스터 달성
MISSION_MATCH2_TIERINDEX60_DESC,영광의 리그 서버 티어 마스터 달성
MISSION_MATCH2_TIERINDEX70_NAME,영광의 리그 서버 티어 챌린저 달성
MISSION_MATCH2_TIERINDEX70_DESC,영광의 리그 서버 티어 챌린저 달성
MISSION_ARENA_MATCH2_FIRSTRANK_NAME,영광의 리그에서 서버를 평정하다!
MISSION_ARENA_MATCH2_FIRSTRANK_DESC,영광의 리그 서버 랭킹 1위 달성
MISSION_MATCH_GLOBAL_TIERINDEX11_NAME,영광의 리그 월드 티어 브론즈 달성
MISSION_MATCH_GLOBAL_TIERINDEX11_DESC,영광의 리그 월드 티어 브론즈 달성
MISSION_MATCH_GLOBAL_TIERINDEX21_NAME,영광의 리그 월드 티어 실버 달성
MISSION_MATCH_GLOBAL_TIERINDEX21_DESC,영광의 리그 월드 티어 실버 달성
MISSION_MATCH_GLOBAL_TIERINDEX31_NAME,영광의 리그 월드 티어 골드 달성
MISSION_MATCH_GLOBAL_TIERINDEX31_DESC,영광의 리그 월드 티어 골드 달성
MISSION_MATCH_GLOBAL_TIERINDEX41_NAME,영광의 리그 월드 티어 플래티넘 달성
MISSION_MATCH_GLOBAL_TIERINDEX41_DESC,영광의 리그 월드 티어 플래티넘 달성
MISSION_MATCH_GLOBAL_TIERINDEX51_NAME,영광의 리그 월드 티어 다이아몬드 달성
MISSION_MATCH_GLOBAL_TIERINDEX51_DESC,영광의 리그 월드 티어 다이아몬드 달성
MISSION_MATCH_GLOBAL_TIERINDEX60_NAME,영광의 리그 월드 티어 마스터 달성
MISSION_MATCH_GLOBAL_TIERINDEX60_DESC,영광의 리그 월드 티어 마스터 달성
MISSION_MATCH_GLOBAL_TIERINDEX71_NAME,영광의 리그 월드 티어 로열마스터 달성
MISSION_MATCH_GLOBAL_TIERINDEX71_DESC,영광의 리그 월드 티어 로열마스터 달성
MISSION_MATCH_GLOBAL_TIERINDEX70_NAME,영광의 리그 월드 티어 챌린저 달성
MISSION_MATCH_GLOBAL_TIERINDEX70_DESC,영광의 리그 월드 티어 챌린저 달성
MISSION_ARENA_MATCH_GLOBAL_FIRSTRANK_NAME,영광의 리그에서 세계를 평정하다!
MISSION_ARENA_MATCH_GLOBAL_FIRSTRANK_DESC,영광의 리그 월드 랭킹 1위 달성
MISSION_CLEARTREASUREHOUSE,나는 보물이 좋아 {1}
MISSION_CLEARTREASUREHOUSE_DESC,보물 창고 {1}회 클리어
MISSION_CHALLENGE_KALLAX_NAME_1,챌린지 레이드 칼락스 Easy
MISSION_CHALLENGE_KALLAX_NAME_2,챌린지 레이드 칼락스 Normal
MISSION_CHALLENGE_KALLAX_NAME_3,챌린지 레이드 칼락스 Hard
MISSION_CHALLENGE_KALLAX_NAME_4,챌린지 레이드 칼락스 Hell
MISSION_CHALLENGE_KALLAX_DESC_1,챌린지 레이드 칼락스 Easy 난이도 1회 클리어
MISSION_CHALLENGE_KALLAX_DESC_2,챌린지 레이드 칼락스 Normal 난이도 1회 클리어
MISSION_CHALLENGE_KALLAX_DESC_3,챌린지 레이드 칼락스 Hard 난이도 1회 클리어
MISSION_CHALLENGE_KALLAX_DESC_4,챌린지 레이드 칼락스 Hell 난이도 1회 클리어
DAILYMISSION_BANPICK_NAME,영광을 위하여!
WEEKLYMISSION_BANPICK_NAME,더 큰 영광을 위하여!
MISSION_BANPICK_DESC,영광의 리그 {1}회 참여
DAILYMISSION_ROYALMAZE_NAME,왕성 지하 미궁 조사
WEEKLYMISSION_ROYALMAZE_NAME,왕성 지하 미궁 청소
MISSION_ROYALMAZE_DESC,지하 미궁 {1}회 클리어
DAILYMISSION_SUPPRESS_NAME,몬스터 토벌
WEEKLYMISSION_SUPPRESS_NAME,이게 토벌이다!
MISSION_SUPPRESS_DESC,토벌 전투 {1}회 클리어
DAILYMISSION_TOWER21_NAME,새로운 도전
WEEKLYMISSION_TOWER21_NAME,끝없는 도전
MISSION_TOWER21_DESC,도전의 탑 {1}회 클리어
DAILYMISSION_CHALLENGERAID_NAME,한계에 도전하다!
WEEKLYMISSION_CHALLENGERAID_NAME,도전의 끝을 보다
MISSION_CHALLENGERAID_DESC,챌린지 레이드 {1}회 완료
DAILYMISSION_WORLDBOSS_NAME,거대한 도전
WEEKLYMISSION_WORLDBOSS_NAME,세상을 구한 자
MISSION_WORLDBOSS_DESC,월드 보스 {1}회 완료
DAILYMISSION_DRAGONRAID_NAME,오늘의 용잡이
WEEKLYMISSION_DRAGONRAID_NAME,드래곤 사냥꾼
MISSION_DRAGONRAID_DESC,드래곤 레이드 {1}회 클리어
DAILYMISSION_INNMINIGAME_NAME,오늘의 운세!
WEEKLYMISSION_INNMINIGAME_NAME,룰렛 좀 돌려 볼까?
MISSION_INNMINIGAME_DESC,여관 미니 게임 {1}회 플레이
WEEKLYMISSION_TOWER11_NAME,시련에 도전하다!
MISSION_TOWER11_DESC,시련의 탑 {1}회 클리어
OPEN_CHAPTER_TEXT,{1}챕터 개방
OPEN_HIDEOUT_TEXT,{1}챕터 상급던전 개방
MAIN_MISSION_CONDITION_FAIL,메인 미션 '{1}' 클리어 후 입장 가능
QUEST_GROUP_TITLE_1,전투
QUEST_GROUP_TITLE_2,영웅
QUEST_GROUP_TITLE_3,아이템
QUEST_GROUP_TITLE_4,서브 스토리
QUEST_GROUP_TITLE_5,기타
LIMITED_MISSION_61,챌린지 레이드 클리어
LIMITED_MISSION_62,시련의 탑 클리어 {1}
LIMITED_MISSION_63,도전의 탑 클리어 {1}
LIMITED_MISSION_64,지하 미궁 클리어 {1}
LIMITED_MISSION_65,대장간 상점 이용
LIMITED_MISSION_66,영광의 리그 상점 이용
LIMITED_MISSION_61_DESC,싱글/파티 챌린지 레이드 클리어
LIMITED_MISSION_62_DESC,시련의 탑 {1}층 클리어
LIMITED_MISSION_63_DESC,도전의 탑 {1}층 클리어
LIMITED_MISSION_64_DESC_1,지하미궁 3회 클리어 보상 받기
LIMITED_MISSION_64_DESC_2,지하미궁 7회 클리어 보상 받기
LIMITED_MISSION_64_DESC_3,지하미궁 10회 클리어 보상 받기
LIMITED_MISSION_64_DESC_4,지하미궁 14회 클리어 보상 받기
LIMITED_MISSION_64_DESC_5,지하미궁 17회 클리어 보상 받기
LIMITED_MISSION_64_DESC_6,지하미궁 21회 클리어 보상 받기
LIMITED_MISSION_64_DESC_7,지하미궁 24회 클리어 보상 받기
LIMITED_MISSION_64_DESC_8,지하미궁 28회 클리어 보상 받기
LIMITED_MISSION_64_DESC_9,지하미궁 35회 클리어 보상 받기
LIMITED_MISSION_65_DESC,대장간 상점에서 '용의 우호도 상자' 구매
LIMITED_MISSION_66_DESC,영광의 리그 상점에서 '전용보물 조각' 구매
SUB_MISSION_10001,장비 각성 {1}
SUB_MISSION_10002,아이템 분해 {1}
SUB_MISSION_10003,메이의 종함 상점에서 아이템 구매 {1}
SUB_MISSION_10004,일반 전투 승리 {1}
SUB_MISSION_10005,마왕군 레이드 클리어 {1}
SUB_MISSION_10006,무한의 파편 제작 {1}
SUB_MISSION_10007,무한의 돌 제작 {1}
SUB_MISSION_10008,임의의 아이템 제작 {1}
SUB_MISSION_10009,상급 던전 클리어 {1}
SUB_MISSION_10010,아이템 인챈트 시도 {1}
SUB_MISSION_10011,결투장 입장 {1}
SUB_MISSION_10012,고대 왕실 금고 입장 {1}
SUB_MISSION_10013,지하 감옥 입장 {1}
SUB_MISSION_10014,화염 드래곤 레이드 입장 {1}
SUB_MISSION_10015,서리 드래곤 레이드 입장 {1}
SUB_MISSION_10016,포이즌 드래곤 레이드 입장 {1}
SUB_MISSION_10017,블랙 드래곤 레이드 입장 {1}
SUB_MISSION_10018,임의의 드래곤 레이드 입장 {1}
SUB_MISSION_10019,장비 강화 {1}
SUB_MISSION_10020,빈 경험의 플라스크 장착 {1}
SUB_MISSION_10021,아이템 소환 {1}
SUB_MISSION_10022,친구 신청 {1}
SUB_MISSION_10023,영웅 레벨업 하기 {1}
SUB_MISSION_10024,영웅 각성 하기 {1}
SUB_MISSION_10025,영웅 초월 하기 {1}
SUB_MISSION_10026,장비 장착 {1}
SUB_MISSION_10027,메이의 종합 상점 목록 초기화 {1}
SUB_MISSION_10028,우정포인트 교환하기 {1}
SUB_MISSION_10029,스킬 특성 습득 {1}
SUB_MISSION_10030,옵션 강화 {1}
SUB_MISSION_10031,경험치 부스터 아이템 사용 {1}
SUB_MISSION_10032,골드 부스터 아이템 사용 {1}
SUB_MISSION_10033,아이템을 사용하여 스태미나 회복 {1}
SUB_MISSION_10034,레피 서브스토리 {1}
SUB_MISSION_10035,디마엘 서브스토리 {1}
SUB_MISSION_10036,테오 서브스토리 {1}
SUB_MISSION_10037,비스카 서브스토리 {1}
SUB_MISSION_10038,프리실라 서브스토리 {1}
SUB_MISSION_10039,크로우 서브스토리 {1}
SUB_MISSION_10040,1챕터 클리어 {1}
SUB_MISSION_10041,2챕터 클리어 {1}
SUB_MISSION_10042,3챕터 클리어 {1}
SUB_MISSION_10043,4챕터 클리어 {1}
SUB_MISSION_10044,5챕터 클리어 {1}
SUB_MISSION_10045,6챕터 클리어 {1}
SUB_MISSION_10046,7챕터 클리어 {1}
SUB_MISSION_10047,8챕터 클리어 {1}
SUB_MISSION_10048,9챕터 클리어 {1}
SUB_MISSION_10049,{1}챕터 보스 클리어
SUB_MISSION_10050,오펠리아 서브스토리 {1}
SUB_MISSION_DESC_100001,첫 번째 서브 스토리 클리어
SUB_MISSION_DESC_100002,두 번째 서브 스토리 클리어
SUB_MISSION_DESC_100003,세 번째 서브 스토리 클리어
SUB_MISSION_DESC_100004,네 번째 서브 스토리 클리어
SUB_MISSION_DESC_100005,다섯 번째 서브 스토리 클리어
SUB_MISSION_DESC_100006,여섯 번째 서브 스토리 클리어
SUB_MISSION_DESC_100007,일곱 번째 서브 스토리 클리어
SUB_MISSION_DESC_100008,여덟 번째 서브 스토리 클리어
SUB_MISSION_DESC_100009,아홉 번째 서브 스토리 클리어
SUB_MISSION_DESC_100010,열 번째 서브 스토리 클리어
SUB_MISSION_DESC_100011,열한 번째 서브 스토리 클리어
SUB_MISSION_DESC_100012,열두 번째 서브 스토리 클리어
SUB_MISSION_DESC_100013,열세 번째 서브 스토리 클리어
SUB_MISSION_DESC_100014,열네 번째 서브 스토리 클리어
SUB_MISSION_DESC_100015,열다섯 번째 서브 스토리 클리어
SUB_MISSION_DESC_100016,{1}-{2} 클리어
SUB_MISSION_DESC_100017,마왕군 레이드 1회 클리어
SUB_MISSION_100270,신왕의 신전 스토리 {1}
SUB_MISSION_DESC_100270_1,스토리-{1} 클리어 후 카인 획득
SUB_MISSION_DESC_100270_2,스토리-{1} 클리어 후 카인의 전용무기 획득
SUB_MISSION_DESC_100270_3,스토리-{1}-{2} 클리어 후 카인의 영혼석 획득
MAIN_MISSION_1030,현자의 탑에서 온 마법사와 그 호위
MAIN_MISSION_1040,슬라임 귀여워
MAIN_MISSION_2550,루아의 힘을 빌어
MAIN_MISSION_1070,화염구와 어둠 장막
MAIN_MISSION_1080,그녀에게 카셀은 아직 어린애일 뿐
MAIN_MISSION_1090,누군가 카셀의 목숨을 원한다
MAIN_MISSION_1100,암살자들이 노린 건
MAIN_MISSION_1110,벌을 받아 마땅한 경우가 있다
MAIN_MISSION_1120,야망의 고블린
MAIN_MISSION_1130,하얀 고블린의 흥분
MAIN_MISSION_1140,마왕의 힘을 얻은 고블린
MAIN_MISSION_1200,일어나야 하는 이유와 검의 응답
MAIN_MISSION_1210,성검 에아
MAIN_MISSION_1230,동료
MAIN_MISSION_1250,보닥카
MAIN_MISSION_1305,엘리도라 숲의 여정
MAIN_MISSION_1320,유령에게는 물리 공격이 통하지 않는다
MAIN_MISSION_1340,불안을 느끼는 프레이
MAIN_MISSION_1350,트렌트에게 사과란 없다
MAIN_MISSION_1370,정화를 위한 전투
MAIN_MISSION_1390,공주님과 용사님
MAIN_MISSION_1400,성검을 노리는 하피
MAIN_MISSION_1420,하피마저도 어둠에
MAIN_MISSION_1440,안전을 위한 선택
MAIN_MISSION_1450,분노와 죄책감이 만든 어둠
MAIN_MISSION_1480,성검의 계승자
MAIN_MISSION_1495,오그리아 고산지의 위기
MAIN_MISSION_1500,인간을 향한 적개심
MAIN_MISSION_1510,그녀의 골렘
MAIN_MISSION_1520,내 편만 들란 말이야
MAIN_MISSION_1530,오그리아의 고블린
MAIN_MISSION_1540,충격 받은 클레오
MAIN_MISSION_1550,루아의 선물
MAIN_MISSION_1570,인간이 오크를 노예로 부릴 리가 없어
MAIN_MISSION_1580,에아톨라의 부적
MAIN_MISSION_1590,카울라의 제자 다인
MAIN_MISSION_1600,스승을 위한 선택
MAIN_MISSION_1620,닿지 않는 설득
MAIN_MISSION_1630,고블린 해방 전선
MAIN_MISSION_1650,오그리아를 울리는 사악한 웃음소리
MAIN_MISSION_1675,갈루아 평원의 죽음
MAIN_MISSION_1690,어둠의 세계
MAIN_MISSION_1710,갈루아의 골렘
MAIN_MISSION_1720,암흑병
MAIN_MISSION_1740,넌 그때의 어린 애가 아니야
MAIN_MISSION_1760,한때는 전설로 치부되었던
MAIN_MISSION_1770,"어둠 속의 목소리, 나는 너다"
MAIN_MISSION_1790,로이에겐 클레오의 안전이 우선
MAIN_MISSION_1800,악마와 암살자
MAIN_MISSION_1810,누가 내 딸을 더럽혔단 말이냐
MAIN_MISSION_1830,적의 존재
MAIN_MISSION_1845,아로뷔나 해안의 전란
MAIN_MISSION_1860,거북이와 암흑 사자
MAIN_MISSION_1880,분위기를 망쳐버린 구제불능들
MAIN_MISSION_1890,아로뷔나의 도망자
MAIN_MISSION_1910,방치된 암흑병
MAIN_MISSION_1920,치매에 고통 받는 불쌍한 어르신들
MAIN_MISSION_1930,다크엘프가 놀에게 당하다니
MAIN_MISSION_1950,여왕의 와드
MAIN_MISSION_1970,디마엘의 증오
MAIN_MISSION_1990,대화가 필요해
MAIN_MISSION_2010,어두운 마음을 자극해버린 괜한 얘기
MAIN_MISSION_2020,모르는 이름
MAIN_MISSION_2030,그런 거짓말로 놀을 이용하는 건
MAIN_MISSION_2050,살아있었어
MAIN_MISSION_2060,나으리들은 우리의 영웅이십니다요
MAIN_MISSION_2070,즐거운 모라
MAIN_MISSION_2090,죄의식이라는 매개
MAIN_MISSION_2105,아에기나 사막의 모래바람
MAIN_MISSION_2120,집게발이 맛있어
MAIN_MISSION_2140,섬광의 용병
MAIN_MISSION_2160,우리가 위험하지 않은 상황에 한해서
MAIN_MISSION_2170,보물을 찾는 소년
MAIN_MISSION_2180,미르르 해적단
MAIN_MISSION_2190,미르르를 향한 경계
MAIN_MISSION_2200,이 누나 말만 잘 들으면 돼
MAIN_MISSION_2220,리자드맨답지 않은 일
MAIN_MISSION_2230,내 귀요미를 내놔라
MAIN_MISSION_2250,모래찜질을 방해받은 드워프
MAIN_MISSION_2260,드워프의 왕
MAIN_MISSION_2280,눈 먼 자들의 현자타임
MAIN_MISSION_2290,어둠에 물든 자에게도 기회를
MAIN_MISSION_2300,지금의 내 모습 그대로 눈을 감고 싶다
MAIN_MISSION_2315,빈트란트 설산의 혹한
MAIN_MISSION_2330,카셀의 양보
MAIN_MISSION_2340,그들의 입장에서 보면 도망이었다
MAIN_MISSION_2360,클레오의 억울한 마음
MAIN_MISSION_2370,자라지 않은 아이
MAIN_MISSION_2380,서리거인의 습격
MAIN_MISSION_2390,로지나의 거처
MAIN_MISSION_2400,미처 막지 못한 어둠의 힘
MAIN_MISSION_2430,더 큰 비극을 막기 위한 선택이었어
MAIN_MISSION_2440,파벨을 구한 로지나
MAIN_MISSION_2460,쉽게 막을 수 있다면 위협이 아니다
MAIN_MISSION_2470,빙룡을 아는 아이
MAIN_MISSION_2480,"인간의 잘못, 인간의 책임"
MAIN_MISSION_2500,루아는 어찌하여 성검을
MAIN_MISSION_2555,드라기아 화산의 열투
MAIN_MISSION_2570,용암의 강
MAIN_MISSION_2580,악룡 부대
MAIN_MISSION_2600,마족 전쟁과 용사들
MAIN_MISSION_2610,하이파이브
MAIN_MISSION_2630,정신지배
MAIN_MISSION_2650,역시 인간은 재미있군요
MAIN_MISSION_2660,"결전, 광룡 테메레르"
MAIN_MISSION_2670,다른 작전
MAIN_MISSION_2680,유인
MAIN_MISSION_2700,분노
MAIN_MISSION_2710,모라의 시험
MAIN_MISSION_2720,함정
MAIN_MISSION_2730,불길한 추격
MAIN_MISSION_2740,뜻밖의 도움
MAIN_MISSION_2760,새로운 동료?
MAIN_MISSION_2770,사이좋은 반푼이와 먹보
MAIN_MISSION_2780,화산의 입구
MAIN_MISSION_2790,화산의 최종 결전
MAIN_MISSION_2795,가르고스 늪지대 탐험
MAIN_MISSION_2830,루아의 개들
MAIN_MISSION_2840,깨어난 의지
MAIN_MISSION_2850,진실과 마주하는 용기
MAIN_MISSION_2860,목숨을 버린다고 해도
MAIN_MISSION_2870,카일의 기억
MAIN_MISSION_2880,의외의 도움
MAIN_MISSION_2890,커져가는 희망
MAIN_MISSION_2900,최고의 원군
MAIN_MISSION_2920,오르벨리아의 영웅들
MAIN_MISSION_2940,밝혀지는 진실
MAIN_MISSION_2950,성검 사기설
MAIN_MISSION_2960,폭주하는 마기
MAIN_MISSION_2970,스칼렛과의 대련
MAIN_MISSION_2980,유적 침투
MAIN_MISSION_2990,사냥개들
MAIN_MISSION_3000,개는 주인의 명령을 따른다
MAIN_MISSION_3010,과거의 울림
MAIN_MISSION_3020,전송탑
MAIN_MISSION_3030,마도왕국의 유산
MAIN_MISSION_3040,약속
MAIN_MISSION_3050,미남씨를 찾아서
MAIN_MISSION_3060,마지막 장벽
MAIN_MISSION_3065,마도 유적의 전송탑
MAIN_MISSION_3070,마도 유적의 전송탑 속으로
MAIN_MISSION_3080,최후의 전투
MAIN_MISSION_3090,지하로부터의 위험
MAIN_MISSION_3100,마왕의 정체
MAIN_MISSION_3110,최후의 방어선
MAIN_MISSION_3120,세계수를 향해
MAIN_MISSION_3130,클라우스의 눈물
MAIN_MISSION_3140,마리아의 계획
MAIN_MISSION_DESC_001,{1}-{2} 클리어
MAIN_MISSION_DESC_002,2챕터 진입
MAIN_MISSION_DESC_003,3챕터 진입
MAIN_MISSION_DESC_004,4챕터 진입
MAIN_MISSION_DESC_005,5챕터 진입
MAIN_MISSION_DESC_006,6챕터 진입
MAIN_MISSION_DESC_007,7챕터 진입
MAIN_MISSION_DESC_008,8챕터 진입
MAIN_MISSION_DESC_009,9챕터 진입
MAIN_MISSION_DESC_011,수도 오르벨-1 클리어
MAIN_MISSION_DESC_012,수도 오르벨-2 클리어
MAIN_MISSION_DESC_013,수도 오르벨-3 클리어
MAIN_MISSION_DESC_014,수도 오르벨-4 클리어
MAIN_MISSION_DESC_015,오르비스 대륙 진입
MAIN_MISSION_DESC_016,세계수-1 클리어
MAIN_MISSION_DESC_017,세계수-2 클리어
MAIN_MISSION_DESC_101,세계수 방문
MAIN_MISSION_DESC_102,얼음 수정 동굴 클리어
MAIN_MISSION_DESC_103,9-23 다음 노드에서 챕터 이동
MAIN_MISSION_DESC_104,얼음수정동굴 입장
MAIN_MISSION_DESC_105,얼음 수정 동굴-1 클리어
MAIN_MISSION_DESC_106,얼음 수정 동굴-2 클리어
WEEKLYMISSION_GODKINGTRIAL,시련을 극복하자
WEEKLYMISSION_GODKINGTRIAL_DESC,신왕의 시련 1회 도전
WEEKLYMISSION_ECLIPSE,끝없는 전투
WEEKLYMISSION_ECLIPSE_DESC,이클립스 1회 입장
LIMITED_GODKINGTRIAL,카인의 시련 {1}
LIMITED_GODKINGTRIAL_DESC_0,신왕의 시련 던전 개방 {1}회
LIMITED_GODKINGTRIAL_DESC_1,강림 던전 1회 입장
LIMITED_GODKINGTRIAL_DESC_2,강림 던전 3회 입장
LIMITED_GODKINGTRIAL_DESC_3,강림 던전 5회 입장
LIMITED_ECLIPSE,붉은 달의 재해 {1}
LIMITED_ECLIPSE_DESC_0,이클립스 {1}회 입장
LIMITED_ECLIPSE_DESC_1,이클립스 1회 입장
LIMITED_ECLIPSE_DESC_2,이클립스 3회 입장
LIMITED_ECLIPSE_DESC_3,이클립스 5회 입장
LIMITED_SOULRESTORE,영혼의 각성 {1}
LIMITED_SOULRESTORE_DESC_0,영혼 감정 {1}회 시도
LIMITED_SOULRESTORE_DESC_1,영혼 감정 1회 시도
LIMITED_SOULRESTORE_DESC_2,영혼 감정 3회 시도
LIMITED_SOULRESTORE_DESC_3,영혼 감정 5회 시도
LIMITED_GODKINGTRIAL_1,대지의 시련 {1}
LIMITED_GODKINGTRIAL_1_DESC_0,이메트 {1}회 클리어
LIMITED_GODKINGTRIAL_1_DESC_1,이메트 1회 클리어
LIMITED_GODKINGTRIAL_1_DESC_2,이메트 2회 클리어
LIMITED_GODKINGTRIAL_2,천공의 시련 {1}
LIMITED_GODKINGTRIAL_2_DESC_0,므사마 {1}회 클리어
LIMITED_GODKINGTRIAL_2_DESC_1,므사마 1회 클리어
LIMITED_GODKINGTRIAL_2_DESC_2,므사마 2회 클리어
LIMITED_GODKINGTRIAL_3,흐름의 시련 {1}
LIMITED_GODKINGTRIAL_3_DESC_0,세크마하 {1}회 클리어
LIMITED_GODKINGTRIAL_3_DESC_1,세크마하 1회 클리어
LIMITED_GODKINGTRIAL_3_DESC_2,세크마하 2회 클리어
LIMITED_SPECIAL_EVENT_1,특별 도전 미션1 : 월드보스
LIMITED_SPECIAL_EVENT_2,특별 도전 미션2 : 도전의 탑
LIMITED_SPECIAL_EVENT_3,특별 도전 미션3 : 챕터
LIMITED_WORLDBOSS_DESC_1,한번의 전투에서 월드보스에게 {1}의 피해 주기\n
LIMITED_CHALLENGE_TOWER_DESC_1,도전의 탑 70층 클리어
LIMITED_CHAPTER_8_26_DESC_1,8-26 클리어
